53766.0	2006.083562	-0.676731	-0.676731
53767.0	2006.086301	-0.084038	-0.085274
53768.0	2006.089041	1.180281	1.177808
53769.0	2006.091781	-1.014448	-1.018157
53770.0	2006.094521	-0.560880	-0.565825
53771.0	2006.097260	-0.035675	-0.041857
53772.0	2006.100000	1.054000	1.046582
53773.0	2006.102740	0.451895	0.443241
53774.0	2006.105479	-1.859593	-1.869484
53775.0	2006.108219	0.067681	0.056554
53776.0	2006.110959	-0.579295	-0.591658
53784.0	2006.132877	-0.401641	-0.423895
53785.0	2006.135616	-0.411161	-0.434652
53786.0	2006.138356	0.098129	0.073402
53787.0	2006.141096	-0.172295	-0.198258
53788.0	2006.143836	-0.478516	-0.505716
53789.0	2006.146575	-0.247963	-0.276399
53790.0	2006.149315	0.640845	0.611173
53791.0	2006.152055	0.136174	0.105265
53792.0	2006.154795	-0.105047	-0.137192
53793.0	2006.157534	0.430097	0.396716
53794.0	2006.160274	0.194237	0.159619
53795.0	2006.163014	-0.048618	-0.084472
53796.0	2006.165753	-0.930801	-0.967891
53797.0	2006.168493	-0.096665	-0.134992
53798.0	2006.171233	-0.703023	-0.742586
53799.0	2006.173973	-0.561991	-0.602790
53800.0	2006.176712	0.885334	0.843298
53801.0	2006.179452	-0.500076	-0.543348
53802.0	2006.182192	-3.503483	-3.547991
53803.0	2006.184932	1.103666	1.057921
53804.0	2006.187671	-0.611280	-0.658261
53805.0	2006.190411	-0.466568	-0.514785
53806.0	2006.193151	1.562474	1.513020
53807.0	2006.195890	-1.221329	-1.272019
53808.0	2006.198630	0.409556	0.357630
53809.0	2006.201370	0.823829	0.770666
53810.0	2006.204110	0.041967	-0.012432
53811.0	2006.206849	0.262164	0.206529
53812.0	2006.209589	1.032422	0.975550
53813.0	2006.212329	0.414755	0.356647
53814.0	2006.215068	0.225470	0.166126
53815.0	2006.217808	2.096418	2.035837
53816.0	2006.220548	1.271041	1.209224
53817.0	2006.223288	-0.298473	-0.361526
53818.0	2006.226027	0.050515	-0.013775
53819.0	2006.228767	0.089796	0.024270
53820.0	2006.231507	0.387960	0.321198
53821.0	2006.234247	0.244225	0.176226
53822.0	2006.236986	-0.484378	-0.553613
53823.0	2006.239726	0.406241	0.335769
53824.0	2006.242466	-1.023487	-1.095195
53825.0	2006.245205	-2.821685	-2.894629
53826.0	2006.247945	0.150476	0.076295
53827.0	2006.250685	1.483716	1.408299
53828.0	2006.253425	0.235220	0.158567
53829.0	2006.256164	1.461186	1.383296
53830.0	2006.258904	1.636903	1.557777
53831.0	2006.261644	0.731359	0.650997
53832.0	2006.264384	0.088401	0.006802
53833.0	2006.267123	0.093425	0.010590
53834.0	2006.269863	0.955992	0.871921
53835.0	2006.272603	1.350339	1.265031
53836.0	2006.275342	0.884516	0.797972
53837.0	2006.278082	-0.796828	-0.884608
53838.0	2006.280822	1.333408	1.244391
53839.0	2006.283562	-1.735588	-1.825841
53840.0	2006.286301	-1.046308	-1.137797
53841.0	2006.289041	-2.737660	-2.830386
53842.0	2006.291781	-1.005778	-1.099740
53843.0	2006.294521	-0.951703	-1.046901
53844.0	2006.297260	0.212327	0.115892
53845.0	2006.300000	-0.606427	-0.704098
53846.0	2006.302740	-1.391456	-1.490363
53847.0	2006.305479	-0.698191	-0.798335
53848.0	2006.308219	3.076020	2.974640
53849.0	2006.310959	1.292938	1.190322
53850.0	2006.313699	1.534420	1.430567
53851.0	2006.316438	-0.487897	-0.592986
53852.0	2006.319178	0.353910	0.247585
53853.0	2006.321918	0.571363	0.463801
53854.0	2006.324658	0.153986	0.045188
53855.0	2006.327397	0.183482	0.073448
53856.0	2006.330137	2.487071	2.375800
53857.0	2006.332877	0.954761	0.842254
53858.0	2006.335616	-0.668791	-0.782535
53859.0	2006.338356	-0.008707	-0.123687
53860.0	2006.341096	0.695529	0.579313
53861.0	2006.343836	0.664287	0.546834
53862.0	2006.346575	0.805964	0.687275
53863.0	2006.349315	-0.525944	-0.645869
53864.0	2006.352055	0.140685	0.019523
53865.0	2006.354795	0.115323	-0.007075
53866.0	2006.357534	0.178817	0.055183
53867.0	2006.360274	-0.170711	-0.295582
53868.0	2006.363014	-0.919983	-1.046090
53869.0	2006.365753	0.686493	0.559150
53870.0	2006.368493	1.097555	0.968975
53871.0	2006.371233	0.784445	0.654629
53872.0	2006.373973	0.448889	0.317837
53873.0	2006.376712	-0.992291	-1.124580
53874.0	2006.379452	-0.827171	-0.960696
53875.0	2006.382192	0.119326	-0.015435
53876.0	2006.384932	0.386659	0.250661
53877.0	2006.387671	-0.684299	-0.821533
53878.0	2006.390411	-1.146321	-1.284791
53879.0	2006.393151	-1.856375	-1.996082
53880.0	2006.395890	-2.993108	-3.134051
53881.0	2006.398630	-2.208453	-2.350632
53882.0	2006.401370	-0.617377	-0.760793
53883.0	2006.404110	-3.765075	-3.909727
53884.0	2006.406849	-2.740859	-2.886747
53885.0	2006.409589	-2.029005	-2.176130
53886.0	2006.412329	-1.855343	-2.003704
53887.0	2006.415068	-1.283620	-1.433217
53888.0	2006.417808	-0.290886	-0.441720
53889.0	2006.420548	-1.659484	-1.811554
53890.0	2006.423288	-1.378410	-1.531716
53891.0	2006.426027	0.605673	0.451130
53892.0	2006.428767	-1.029139	-1.184918
53893.0	2006.431507	-0.374314	-0.531329
53894.0	2006.434247	-2.538716	-2.696968
53895.0	2006.436986	-2.236571	-2.396059
53896.0	2006.439726	-0.623718	-0.784443
53897.0	2006.442466	-1.523047	-1.685008
53898.0	2006.445205	-1.568787	-1.731984
53899.0	2006.447945	-0.886399	-1.050833
53900.0	2006.450685	-1.194782	-1.360452
53901.0	2006.453425	-1.587430	-1.754336
53902.0	2006.456164	-2.478552	-2.646695
53903.0	2006.458904	-2.083496	-2.252875
53904.0	2006.461644	-2.945519	-3.116134
53905.0	2006.464384	-1.976758	-2.148610
53906.0	2006.467123	-0.664297	-0.837385
53907.0	2006.469863	-1.903942	-2.078266
53908.0	2006.472603	-0.307328	-0.482889
53909.0	2006.475342	-2.674664	-2.851461
53910.0	2006.478082	-0.508296	-0.686329
53911.0	2006.480822	-2.303564	-2.482834
53912.0	2006.483562	-1.213837	-1.394343
53913.0	2006.486301	-0.709087	-0.890829
53914.0	2006.489041	-0.795781	-0.978760
53915.0	2006.491781	-1.130154	-1.314369
53916.0	2006.494521	-1.949372	-2.134823
53917.0	2006.497260	-1.004931	-1.191619
53918.0	2006.500000	0.417545	0.229621
53919.0	2006.502740	-2.615382	-2.804542
53920.0	2006.505479	-2.788683	-2.979080
53921.0	2006.508219	0.489727	0.298094
53922.0	2006.510959	-0.080345	-0.273214
53923.0	2006.513699	-0.356353	-0.550459
53924.0	2006.516438	-1.245802	-1.441144
53925.0	2006.519178	2.000879	1.804301
53926.0	2006.521918	-1.561935	-1.759750
53927.0	2006.524658	0.118634	-0.080417
53928.0	2006.527397	0.975265	0.774978
53929.0	2006.530137	-0.018620	-0.220144
53930.0	2006.532877	1.156694	0.953934
53931.0	2006.535616	1.207638	1.003641
53932.0	2006.538356	-0.093090	-0.298323
53933.0	2006.541096	0.016868	-0.189601
53934.0	2006.543836	-1.433827	-1.641533
53935.0	2006.546575	-0.683296	-0.892238
53936.0	2006.549315	0.582890	0.372712
53937.0	2006.552055	-3.025720	-3.237135
53938.0	2006.554795	-1.464824	-1.677475
53939.0	2006.557534	-1.105889	-1.319776
53940.0	2006.560274	-0.289471	-0.504595
53941.0	2006.563014	-1.346019	-1.562379
53942.0	2006.565753	-1.499310	-1.716906
53943.0	2006.568493	-1.807272	-2.026105
53944.0	2006.571233	-2.484504	-2.704573
53945.0	2006.573973	-0.415049	-0.636354
53948.0	2006.582192	-1.712297	-1.937311
53949.0	2006.584932	-1.088069	-1.314320
53950.0	2006.587671	-1.143496	-1.370983
53951.0	2006.590411	-0.044206	-0.272929
53952.0	2006.593151	-2.821443	-3.051403
53953.0	2006.595890	0.063865	-0.167331
53954.0	2006.598630	-1.686428	-1.918860
53955.0	2006.601370	-2.279830	-2.513499
53956.0	2006.604110	-2.515483	-2.750388
53957.0	2006.606849	-1.237333	-1.473474
53958.0	2006.609589	-1.820074	-2.057452
53959.0	2006.612329	-0.928893	-1.167507
53960.0	2006.615068	-0.699450	-0.939300
53961.0	2006.617808	1.259722	1.018635
53962.0	2006.620548	1.529453	1.287130
53963.0	2006.623288	-1.068567	-1.312126
53964.0	2006.626027	-0.829268	-1.074064
53965.0	2006.628767	-2.958200	-3.204232
53966.0	2006.631507	-0.799070	-1.046338
53967.0	2006.634247	-2.598756	-2.847261
53968.0	2006.636986	-0.726276	-0.976017
53969.0	2006.639726	-0.154428	-0.405406
53970.0	2006.642466	-1.232857	-1.485071
53971.0	2006.645205	-0.585111	-0.838561
53972.0	2006.647945	-0.381632	-0.636319
53973.0	2006.650685	0.976982	0.721059
53974.0	2006.653425	-1.854909	-2.112068
53975.0	2006.656164	0.605863	0.347467
53976.0	2006.658904	-1.968028	-2.227660
53977.0	2006.661644	-0.097387	-0.358255
53978.0	2006.664384	0.319528	0.057423
53979.0	2006.667123	-1.249257	-1.512598
53980.0	2006.669863	-0.358435	-0.623012
53981.0	2006.672603	0.057469	-0.208345
53982.0	2006.675342	-0.012241	-0.279291
53983.0	2006.678082	0.249000	-0.019286
53984.0	2006.680822	-0.062867	-0.332390
53985.0	2006.683562	-0.635044	-0.905803
53986.0	2006.686301	-0.164359	-0.436354
53987.0	2006.689041	-0.174576	-0.447808
53988.0	2006.691781	-0.844591	-1.119059
53989.0	2006.694521	-0.492809	-0.768513
53990.0	2006.697260	-0.624468	-0.901409
53991.0	2006.700000	-0.301659	-0.579836
53992.0	2006.702740	-0.890481	-1.169894
53993.0	2006.705479	-0.897761	-1.178411
53994.0	2006.708219	-0.543575	-0.825461
53995.0	2006.710959	-0.747932	-1.031054
53996.0	2006.713699	-0.367021	-0.651380
53997.0	2006.716438	-0.648157	-0.933752
53998.0	2006.719178	-0.147437	-0.434268
53999.0	2006.721918	0.717689	0.429621
54000.0	2006.724658	-2.508247	-2.797551
54001.0	2006.727397	0.065192	-0.225348
54002.0	2006.730137	-1.285636	-1.577413
54003.0	2006.732877	-0.348548	-0.641561
54004.0	2006.735616	0.481884	0.187634
54005.0	2006.738356	0.407285	0.111799
54006.0	2006.741096	-1.418621	-1.715343
54007.0	2006.743836	-0.588987	-0.886946
54008.0	2006.746575	-0.063255	-0.362450
54009.0	2006.749315	-0.338629	-0.639060
54010.0	2006.752055	-0.644784	-0.946452
54011.0	2006.754795	-0.748995	-1.051899
54012.0	2006.757534	-1.027374	-1.331514
54013.0	2006.760274	-0.944350	-1.249727
54014.0	2006.763014	0.300445	-0.006168
54015.0	2006.765753	0.902003	0.594154
54016.0	2006.768493	0.738633	0.429547
54017.0	2006.771233	0.535410	0.225088
54018.0	2006.773973	0.197114	-0.114444
54019.0	2006.776712	-0.423571	-0.736366
54020.0	2006.779452	0.369448	0.055417
54021.0	2006.782192	0.681246	0.365979
54022.0	2006.784932	0.546620	0.230116
54023.0	2006.787671	0.213978	-0.103762
54024.0	2006.790411	-1.161755	-1.480731
54025.0	2006.793151	0.230285	-0.089928
54026.0	2006.795890	0.736980	0.415531
54027.0	2006.798630	-1.502657	-1.825342
54028.0	2006.801370	0.890167	0.566245
54029.0	2006.804110	0.488132	0.162974
54030.0	2006.806849	0.314785	-0.011609
54031.0	2006.809589	1.205154	0.877523
54032.0	2006.812329	1.464550	1.135683
54033.0	2006.815068	0.105503	-0.224600
54034.0	2006.817808	-1.752097	-2.083437
54035.0	2006.820548	-0.947512	-1.280088
54036.0	2006.823288	0.170376	-0.163436
54040.0	2006.834247	-0.027978	-0.366736
54041.0	2006.836986	0.842974	0.502980
54043.0	2006.842466	0.703845	0.361378
54047.0	2006.853425	-0.977917	-1.325329
54048.0	2006.856164	0.356078	0.007429
54049.0	2006.858904	-1.736624	-2.086509
54050.0	2006.861644	-0.092399	-0.443520
54051.0	2006.864384	0.894790	0.542432
54052.0	2006.867123	1.681608	1.328014
54053.0	2006.869863	0.567703	0.212873
54054.0	2006.872603	0.541774	0.185707
54055.0	2006.875342	-0.698662	-1.055965
54056.0	2006.878082	0.322535	-0.036004
54057.0	2006.880822	0.723450	0.363674
54058.0	2006.883562	1.256860	0.895848
54059.0	2006.886301	1.251794	0.889546
54060.0	2006.889041	2.447622	2.084137
54061.0	2006.891781	1.476986	1.112265
54062.0	2006.894521	2.144224	1.778267
54063.0	2006.897260	1.775534	1.408340
54064.0	2006.900000	1.927991	1.559561
54065.0	2006.902740	0.010237	-0.359429
54066.0	2006.905479	0.361267	-0.009636
54067.0	2006.908219	0.404353	0.032214
54068.0	2006.910959	-1.848131	-2.221506
54069.0	2006.913699	1.768937	1.394325
54070.0	2006.916438	-0.591883	-0.967731
54076.0	2006.932877	0.073896	-0.309370
54077.0	2006.935616	0.116068	-0.268435
54078.0	2006.938356	-1.037644	-1.423383
54079.0	2006.941096	-0.024194	-0.411169
54080.0	2006.943836	-0.938314	-1.326526
54081.0	2006.946575	-1.282871	-1.672319
54082.0	2006.949315	-1.300438	-1.691122
54083.0	2006.952055	-2.011018	-2.402939
54084.0	2006.954795	-0.283384	-0.676541
54085.0	2006.957534	-1.385922	-1.780315
54086.0	2006.960274	-1.742381	-2.138011
54087.0	2006.963014	-1.160039	-1.556905
54088.0	2006.965753	-1.216197	-1.614299
54089.0	2006.968493	-1.903533	-2.302872
54090.0	2006.971233	-1.357335	-1.757910
54091.0	2006.973973	-0.215838	-0.617649
54092.0	2006.976712	-1.052431	-1.455479
54093.0	2006.979452	-1.571086	-1.975370
54094.0	2006.982192	-1.285516	-1.691036
54095.0	2006.984932	-1.417958	-1.824715
54096.0	2006.987671	-0.515013	-0.923006
54097.0	2006.990411	-0.279938	-0.689167
54098.0	2006.993151	-1.266612	-1.677078
54099.0	2006.995890	-2.522345	-2.934047
54100.0	2006.998630	-3.933155	-4.346093
54101.0	2007.001370	-1.157192	-1.571367
54102.0	2007.004110	-0.025874	-0.441285
54103.0	2007.006849	-2.464512	-2.881159
54104.0	2007.009589	-2.390344	-2.808228
54105.0	2007.012329	-0.650992	-1.070112
54106.0	2007.015068	-1.690144	-2.110500
54107.0	2007.017808	-0.134781	-0.556374
54108.0	2007.020548	-0.982207	-1.405036
54109.0	2007.023288	-0.998950	-1.423015
54110.0	2007.026027	-1.769180	-2.194482
54111.0	2007.028767	-1.879676	-2.306214
54112.0	2007.031507	-2.079490	-2.507264
54113.0	2007.034247	1.845946	1.416935
54114.0	2007.036986	2.041775	1.611528
54115.0	2007.039726	-1.668962	-2.100446
54116.0	2007.042466	0.183016	-0.249704
54117.0	2007.045205	0.054955	-0.379001
54118.0	2007.047945	-0.563906	-0.999099
54119.0	2007.050685	0.012515	-0.423914
54120.0	2007.053425	-0.322364	-0.760029
54121.0	2007.056164	0.724956	0.286054
54122.0	2007.058904	0.172118	-0.268020
54123.0	2007.061644	0.283360	-0.158014
54124.0	2007.064384	0.402944	-0.039667
54125.0	2007.067123	0.370516	-0.073331
54126.0	2007.069863	-0.153138	-0.598221
54127.0	2007.072603	-0.811576	-1.257896
54128.0	2007.075342	-0.341827	-0.789383
54129.0	2007.078082	-0.337008	-0.785800
54133.0	2007.089041	-0.776203	-1.229941
54134.0	2007.091781	1.338111	0.883137
54135.0	2007.094521	1.232075	0.775865
54136.0	2007.097260	0.850708	0.393261
54137.0	2007.100000	0.777846	0.319163
54138.0	2007.102740	1.330185	0.870266
54139.0	2007.105479	0.758526	0.297370
54140.0	2007.108219	0.517184	0.054792
54141.0	2007.110959	0.729721	0.266093
54142.0	2007.113699	0.921191	0.456326
54143.0	2007.116438	0.615646	0.149545
54144.0	2007.119178	1.242777	0.775440
54145.0	2007.121918	0.112560	-0.356014
54146.0	2007.124658	0.769608	0.299798
54148.0	2007.130137	1.062016	0.589733
54149.0	2007.132877	0.739007	0.265488
54150.0	2007.135616	-0.218766	-0.693522
54151.0	2007.138356	0.042301	-0.433691
54152.0	2007.141096	0.393846	-0.083382
54263.0	2007.445205	-1.689314	-2.303776
54264.0	2007.447945	-0.190384	-0.806083
54265.0	2007.450685	-0.122544	-0.739479
54266.0	2007.453425	-1.921471	-2.539642
54267.0	2007.456164	-0.517545	-1.136953
54268.0	2007.458904	-0.601076	-1.221720
54269.0	2007.461644	-1.655975	-2.277855
54270.0	2007.464384	-0.514380	-1.137497
54271.0	2007.467123	-0.537535	-1.161888
54272.0	2007.469863	-0.957146	-1.582735
54273.0	2007.472603	-1.573970	-2.200796
54276.0	2007.480822	0.294905	-0.335630
54277.0	2007.483562	-0.171299	-0.803070
54278.0	2007.486301	-1.310162	-1.943169
54279.0	2007.489041	0.919958	0.285714
54280.0	2007.491781	-1.126486	-1.761966
54281.0	2007.494521	-0.107915	-0.744631
54282.0	2007.497260	-0.069920	-0.707873
54283.0	2007.500000	-1.148189	-1.787378
54284.0	2007.502740	-1.297629	-1.938054
54285.0	2007.505479	-1.949304	-2.590966
54286.0	2007.508219	1.375232	0.732334
54287.0	2007.510959	0.040691	-0.603443
54288.0	2007.513699	0.062348	-0.583023
54289.0	2007.516438	-0.092154	-0.738761
54290.0	2007.519178	-3.268513	-3.916356
54291.0	2007.521918	-1.587758	-2.236838
54292.0	2007.524658	-1.978370	-2.628686
54293.0	2007.527397	-2.852852	-3.504404
54294.0	2007.530137	-2.643494	-3.296283
54295.0	2007.532877	-0.642410	-1.296435
54296.0	2007.535616	-1.840748	-2.496010
54297.0	2007.538356	-0.308020	-0.964518
54298.0	2007.541096	-2.737970	-3.395704
54299.0	2007.543836	-0.488852	-1.147823
54300.0	2007.546575	-3.825151	-4.485358
54305.0	2007.560274	-2.204399	-2.870788
54306.0	2007.563014	-2.110175	-2.777800
54307.0	2007.565753	-2.275360	-2.944221
54314.0	2007.584932	-1.218438	-1.895954
54315.0	2007.587671	-0.818742	-1.497494
54316.0	2007.590411	-0.809377	-1.489365
54317.0	2007.593151	-1.976633	-2.657858
54318.0	2007.595890	-3.035493	-3.717954
54319.0	2007.598630	-2.017317	-2.701014
54320.0	2007.601370	-2.294995	-2.979929
54321.0	2007.604110	-2.404123	-3.090293
54322.0	2007.606849	-1.665079	-2.352485
54323.0	2007.609589	-3.508162	-4.196805
54324.0	2007.612329	-2.329329	-3.019208
54325.0	2007.615068	-0.794244	-1.485359
54326.0	2007.617808	-1.235345	-1.927697
54327.0	2007.620548	1.169547	0.475959
54328.0	2007.623288	-0.187346	-0.882170
54329.0	2007.626027	-0.848653	-1.544714
54330.0	2007.628767	-0.094255	-0.791552
54331.0	2007.631507	-2.516708	-3.215241
54332.0	2007.634247	-1.326604	-2.026374
54333.0	2007.636986	-0.706520	-1.407526
54334.0	2007.639726	-0.890625	-1.592868
54335.0	2007.642466	-0.453400	-1.156879
54336.0	2007.645205	-2.674369	-3.379084
54337.0	2007.647945	1.418458	0.712506
54338.0	2007.650685	-0.566064	-1.273252
54339.0	2007.653425	-2.158399	-2.866823
54340.0	2007.656164	-0.093355	-0.803016
54341.0	2007.658904	1.351532	0.640635
54342.0	2007.661644	-0.636056	-1.348189
54343.0	2007.664384	-0.057872	-0.771242
54344.0	2007.667123	-2.751496	-3.466102
54345.0	2007.669863	-0.559595	-1.275437
54346.0	2007.672603	1.784248	1.067169
54347.0	2007.675342	0.210024	-0.508291
54348.0	2007.678082	-1.631943	-2.351494
54349.0	2007.680822	-2.294318	-3.015106
54350.0	2007.683562	-2.020959	-2.742983
54351.0	2007.686301	-2.084449	-2.807709
54352.0	2007.689041	0.761013	0.036516
54353.0	2007.691781	1.029719	0.303986
54354.0	2007.694521	-0.186401	-0.913370
54355.0	2007.697260	-0.010617	-0.738823
54356.0	2007.700000	-0.718510	-1.447952
54357.0	2007.702740	-1.509266	-2.239944
54358.0	2007.705479	-0.999442	-1.731357
54359.0	2007.708219	-1.883247	-2.616398
54360.0	2007.710959	-0.826181	-1.560568
54361.0	2007.713699	-1.506624	-2.242248
54362.0	2007.716438	-1.465972	-2.202832
54363.0	2007.719178	-0.482265	-1.220361
54364.0	2007.721918	-1.268558	-2.007891
54365.0	2007.724658	-1.282190	-2.022759
54366.0	2007.727397	-0.775898	-1.517703
54367.0	2007.730137	-1.463533	-2.206575
54368.0	2007.732877	-1.273484	-2.017762
54369.0	2007.735616	-1.384848	-2.130363
54370.0	2007.738356	0.822582	0.075831
54371.0	2007.741096	0.269059	-0.478928
54372.0	2007.743836	0.795317	0.046093
54373.0	2007.746575	0.005817	-0.744643
54374.0	2007.749315	-0.674857	-1.426553
54375.0	2007.752055	-0.727745	-1.480678
54376.0	2007.754795	-1.060830	-1.814999
54377.0	2007.757534	-0.605485	-1.360890
54378.0	2007.760274	0.450257	-0.306385
54379.0	2007.763014	0.428266	-0.329612
54380.0	2007.765753	0.325376	-0.433738
54381.0	2007.768493	0.241458	-0.518893
54382.0	2007.771233	0.317714	-0.443873
54383.0	2007.773973	0.346722	-0.416101
54384.0	2007.776712	0.421598	-0.342462
54385.0	2007.779452	0.224549	-0.540747
54386.0	2007.782192	0.740943	-0.025589
54387.0	2007.784932	0.983585	0.215816
54388.0	2007.787671	-0.940374	-1.709379
54389.0	2007.790411	-0.335254	-1.105495
54391.0	2007.795890	0.364195	-0.408519
54392.0	2007.798630	-0.667519	-1.441469
54393.0	2007.801370	0.247370	-0.527817
54394.0	2007.804110	-0.662848	-1.439271
54395.0	2007.806849	-0.249684	-1.027343
54396.0	2007.809589	0.915736	0.136840
54397.0	2007.812329	1.155123	0.374991
54398.0	2007.815068	-0.263084	-1.044452
54399.0	2007.817808	-0.324302	-1.106907
54403.0	2007.828767	0.983685	0.196135
54404.0	2007.831507	2.232178	1.443392
54405.0	2007.834247	0.937639	0.147616
54406.0	2007.836986	2.116931	1.325672
54407.0	2007.839726	0.809169	0.016673
54408.0	2007.842466	1.149401	0.355669
54409.0	2007.845205	0.108906	-0.686062
54410.0	2007.847945	1.664439	0.868234
54411.0	2007.850685	2.025783	1.228342
54412.0	2007.853425	1.107724	0.309047
54413.0	2007.856164	0.980186	0.180272
54414.0	2007.858904	0.547718	-0.253432
54415.0	2007.861644	-0.563942	-1.366328
54416.0	2007.864384	-0.476960	-1.280583
54417.0	2007.867123	-1.201380	-2.006239
54418.0	2007.869863	-0.943160	-1.749255
54419.0	2007.872603	1.150004	0.342672
54420.0	2007.875342	1.207106	0.398538
54421.0	2007.878082	0.670132	-0.139672
54422.0	2007.880822	0.702719	-0.108322
54423.0	2007.883562	-0.011650	-0.823927
54424.0	2007.886301	-1.654643	-2.468156
54425.0	2007.889041	-1.345093	-2.159843
54431.0	2007.905479	0.811768	-0.010400
54432.0	2007.908219	0.648812	-0.174592
54433.0	2007.910959	0.031911	-0.792729
54434.0	2007.913699	0.844151	0.018274
54435.0	2007.916438	0.267190	-0.559923
54436.0	2007.919178	-1.615260	-2.443609
54437.0	2007.921918	1.690390	0.860804
54438.0	2007.924658	0.884560	0.053738
54439.0	2007.927397	0.085768	-0.746290
54440.0	2007.930137	-0.202183	-1.035478
54441.0	2007.932877	-1.037668	-1.872199
54442.0	2007.935616	2.492726	1.656958
54443.0	2007.938356	1.454986	0.617982
54444.0	2007.941096	-0.095598	-0.933838
54445.0	2007.943836	-0.419588	-1.259065
54446.0	2007.946575	0.746362	-0.094351
54447.0	2007.949315	0.505626	-0.336323
54448.0	2007.952055	-0.099700	-0.942886
54449.0	2007.954795	0.076738	-0.767684
54450.0	2007.957534	-0.315476	-1.161134
54451.0	2007.960274	-0.261413	-1.108308
54452.0	2007.963014	-0.564511	-1.412642
54453.0	2007.965753	-0.632007	-1.481374
54454.0	2007.968493	-0.445162	-1.295766
54455.0	2007.971233	-0.919700	-1.771540
54456.0	2007.973973	-1.986037	-2.839113
54457.0	2007.976712	-0.684800	-1.539113
54458.0	2007.979452	-0.622417	-1.477966
54459.0	2007.982192	-0.591743	-1.448528
54460.0	2007.984932	-0.396024	-1.254046
54461.0	2007.987671	1.302556	0.443298
54462.0	2007.990411	1.591118	0.730624
54463.0	2007.993151	-0.357732	-1.219463
54464.0	2007.995890	0.648603	-0.214364
54465.0	2007.998630	-0.590596	-1.454799
54466.0	2008.001366	-0.859514	-1.724952
54511.0	2008.124317	0.352596	-0.568325
54512.0	2008.127049	0.178171	-0.743983
54544.0	2008.214481	1.816490	0.854881
54545.0	2008.217213	0.573427	-0.389415
54546.0	2008.219945	0.795222	-0.168853
54547.0	2008.222678	0.405106	-0.560202
54548.0	2008.225410	0.828954	-0.137587
54549.0	2008.228142	0.411287	-0.556487
54550.0	2008.230874	0.409905	-0.559102
54551.0	2008.233607	0.282047	-0.688193
54552.0	2008.236339	-0.462866	-1.434339
54553.0	2008.239071	-0.659877	-1.632583
54554.0	2008.241803	-0.407784	-1.381723
54555.0	2008.244536	-0.622791	-1.597963
54556.0	2008.247268	-0.359810	-1.336215
54557.0	2008.250000	0.498292	-0.479346
54558.0	2008.252732	0.942274	-0.036597
54559.0	2008.255464	0.964803	-0.015301
54560.0	2008.258197	0.555058	-0.426279
54561.0	2008.260929	0.251727	-0.730843
54562.0	2008.263661	-0.307686	-1.291489
54563.0	2008.266393	0.775629	-0.209407
54564.0	2008.269126	0.001068	-0.985201
54565.0	2008.271858	-0.165951	-1.153453
54566.0	2008.274590	0.375483	-0.613251
54567.0	2008.277322	-1.320813	-2.310780
54568.0	2008.280055	-1.206974	-2.198174
54569.0	2008.282787	0.146341	-0.846092
54570.0	2008.285519	-0.207261	-1.200927
54571.0	2008.288251	-0.372300	-1.367199
54572.0	2008.290984	-0.733955	-1.730087
54573.0	2008.293716	-2.480751	-3.478116
54574.0	2008.296448	0.057076	-0.941522
54575.0	2008.299180	-0.118927	-1.118758
54576.0	2008.301913	0.529209	-0.471855
54577.0	2008.304645	0.461807	-0.540490
54578.0	2008.307377	-0.306674	-1.310204
54579.0	2008.310109	0.739699	-0.265064
54580.0	2008.312842	-0.015243	-1.021239
54581.0	2008.315574	-1.323651	-2.330880
54582.0	2008.318306	0.475855	-0.532607
54583.0	2008.321038	0.802240	-0.207455
54584.0	2008.323770	0.469311	-0.541617
54585.0	2008.326503	0.040271	-0.971890
54586.0	2008.329235	0.200046	-0.813348
54587.0	2008.331967	-1.860241	-2.874868
54588.0	2008.334699	-1.888076	-2.903936
54589.0	2008.337432	-0.232541	-1.249634
54590.0	2008.340164	0.584537	-0.433789
54591.0	2008.342896	-0.251720	-1.271279
54592.0	2008.345628	-1.165055	-2.185847
54593.0	2008.348361	-1.789865	-2.811890
54594.0	2008.351093	1.090028	0.066771
54595.0	2008.353825	1.982175	0.957685
54596.0	2008.356557	1.127498	0.101775
54597.0	2008.359290	1.470634	0.443678
54598.0	2008.362022	1.201037	0.172848
54599.0	2008.364754	-0.395062	-1.424484
54600.0	2008.367486	1.611498	0.580843
54601.0	2008.370219	0.385481	-0.646407
54602.0	2008.372951	1.328983	0.295862
54603.0	2008.375683	0.526732	-0.507622
54604.0	2008.378415	0.214810	-0.820777
54605.0	2008.381148	0.150033	-0.886787
54606.0	2008.383880	-0.327715	-1.365768
54607.0	2008.386612	-0.362821	-1.402107
54608.0	2008.389344	-0.908960	-1.949479
54609.0	2008.392077	0.273500	-0.768252
54610.0	2008.394809	0.239417	-0.803568
54611.0	2008.397541	0.327371	-0.716847
54612.0	2008.400273	-2.830992	-3.876443
54613.0	2008.403005	0.579186	-0.467498
54614.0	2008.405738	1.089058	0.041141
54615.0	2008.408470	-0.407387	-1.456537
54616.0	2008.411202	-1.266752	-2.317135
54617.0	2008.413934	0.178257	-0.873359
54618.0	2008.416667	-1.353334	-2.406183
54619.0	2008.419399	-0.608939	-1.663021
54620.0	2008.422131	-2.113875	-3.169190
54622.0	2008.427596	-2.737529	-3.795309
54623.0	2008.430328	-2.290052	-3.349065
54624.0	2008.433060	-1.161834	-2.222080
54625.0	2008.435792	-2.454440	-3.515919
54626.0	2008.438525	-2.248627	-3.311339
54627.0	2008.441257	-1.339323	-2.403268
54628.0	2008.443989	-1.104581	-2.169759
54629.0	2008.446721	-1.184369	-2.250780
54630.0	2008.449454	-1.930500	-2.998144
54631.0	2008.452186	-2.352169	-3.421046
54632.0	2008.454918	-0.438120	-1.508230
54633.0	2008.457650	-0.461001	-1.532344
54634.0	2008.460383	-2.329455	-3.402031
54635.0	2008.463115	-2.001075	-3.074884
54636.0	2008.465847	-1.383818	-2.458860
54637.0	2008.468579	0.471659	-0.604616
54638.0	2008.471311	-0.455112	-1.532620
54639.0	2008.474044	-1.404316	-2.483057
54640.0	2008.476776	-0.951681	-2.031655
54641.0	2008.479508	-0.958216	-2.039423
54642.0	2008.482240	-1.416215	-2.498655
54643.0	2008.484973	-1.612378	-2.696051
54644.0	2008.487705	-1.991578	-3.076484
54645.0	2008.490437	-1.226482	-2.312621
54646.0	2008.493169	-1.650055	-2.737427
54647.0	2008.495902	-0.969895	-2.058500
54648.0	2008.498634	-2.370583	-3.460421
54649.0	2008.501366	-0.396438	-1.487509
54650.0	2008.504098	-0.956556	-2.048860
54651.0	2008.506831	-1.739892	-2.833428
54652.0	2008.509563	-2.528372	-3.623141
54653.0	2008.512295	-1.330903	-2.426905
54654.0	2008.515027	0.117655	-0.979580
54655.0	2008.517760	-0.284844	-1.383312
54657.0	2008.523224	-1.706323	-2.807257
54658.0	2008.525956	-0.446168	-1.548335
54659.0	2008.528689	-0.426308	-1.529708
54660.0	2008.531421	0.561577	-0.543056
54661.0	2008.534153	0.165422	-0.940444
54662.0	2008.536885	-1.418383	-2.525482
54663.0	2008.539617	-0.643473	-1.751805
54664.0	2008.542350	-2.443557	-3.553122
54665.0	2008.545082	-2.015186	-3.125984
54666.0	2008.547814	-1.468676	-2.580707
54667.0	2008.550546	0.135733	-0.977531
54668.0	2008.553279	-4.778271	-5.892768
54669.0	2008.556011	-0.290222	-1.405952
54670.0	2008.558743	-0.458269	-1.575232
54671.0	2008.561475	-0.452444	-1.570640
54672.0	2008.564208	-0.675269	-1.794698
54673.0	2008.566940	0.461668	-0.658994
54674.0	2008.569672	-0.604733	-1.726628
54675.0	2008.572404	-0.609826	-1.732954
54676.0	2008.575137	-2.242524	-3.366885
54677.0	2008.577869	-0.471245	-1.596839
54679.0	2008.583333	-2.740008	-3.868067
54680.0	2008.586066	0.225296	-0.903996
54681.0	2008.588798	-1.553436	-2.683961
54682.0	2008.591530	-1.798801	-2.930559
54683.0	2008.594262	-1.601330	-2.734321
54684.0	2008.596995	1.117786	-0.016438
54685.0	2008.599727	-2.858097	-3.993554
54686.0	2008.602459	-0.074513	-1.211203
54687.0	2008.605191	-1.915506	-3.053429
54688.0	2008.607923	1.381626	0.242470
54689.0	2008.610656	-0.472435	-1.612824
54690.0	2008.613388	-0.368995	-1.510617
54691.0	2008.616120	-2.509343	-3.652198
54692.0	2008.618852	-0.726615	-1.870703
54693.0	2008.621585	0.808864	-0.336457
54694.0	2008.624317	-1.753919	-2.900473
54695.0	2008.627049	-0.839695	-1.987482
54696.0	2008.629781	-1.767819	-2.916839
54698.0	2008.635246	-1.031335	-2.182821
54699.0	2008.637978	-0.900224	-2.052943
54700.0	2008.640710	0.008865	-1.145087
54701.0	2008.643443	-0.058031	-1.213216
54702.0	2008.646175	-1.504779	-2.661197
54703.0	2008.648907	0.376537	-0.781114
54704.0	2008.651639	-1.228815	-2.387699
54705.0	2008.654372	-1.420219	-2.580336
54706.0	2008.657104	0.038690	-1.122660
54707.0	2008.659836	-1.704422	-2.867004
54708.0	2008.662568	-1.011474	-2.175289
54709.0	2008.665301	-0.647146	-1.812194
54710.0	2008.668033	-1.294904	-2.461185
54711.0	2008.670765	-0.816622	-1.984136
54712.0	2008.673497	-0.968304	-2.137051
54713.0	2008.676230	-1.947855	-3.117835
54714.0	2008.678962	-2.225149	-3.396362
54715.0	2008.681694	0.260461	-0.911985
54716.0	2008.684426	0.334042	-0.839637
54717.0	2008.687158	1.022694	-0.152218
54718.0	2008.689891	-0.288532	-1.464677
54719.0	2008.692623	0.114403	-1.062975
54720.0	2008.695355	-1.094418	-2.273029
54721.0	2008.698087	-0.739486	-1.919330
54722.0	2008.700820	-0.174982	-1.356059
54723.0	2008.703552	-1.813125	-2.995435
54727.0	2008.714481	0.388993	-0.798249
54728.0	2008.717213	-0.409769	-1.598244
54729.0	2008.719945	1.275871	0.086163
54730.0	2008.722678	2.659152	1.468211
54731.0	2008.725410	0.906480	-0.285694
54732.0	2008.728142	1.519294	0.325887
54733.0	2008.730874	1.370091	0.175451
54734.0	2008.733607	0.242553	-0.953320
54735.0	2008.736339	0.593621	-0.603484
54736.0	2008.739071	0.595377	-0.602961
54737.0	2008.741803	0.629994	-0.569577
54738.0	2008.744536	0.798567	-0.402237
54739.0	2008.747268	1.291727	0.089690
54740.0	2008.750000	0.931405	-0.271865
54741.0	2008.752732	1.382764	0.178261
54742.0	2008.755464	0.834380	-0.371356
54743.0	2008.758197	0.801385	-0.405584
54744.0	2008.760929	0.932235	-0.275967
54745.0	2008.763661	1.166254	-0.043181
54746.0	2008.766393	-0.213958	-1.424626
54747.0	2008.769126	1.836571	0.624670
54748.0	2008.771858	1.160471	-0.052663
54749.0	2008.774590	0.967145	-0.247222
54750.0	2008.777322	1.304276	0.088676
54751.0	2008.780055	0.449857	-0.766976
54752.0	2008.782787	0.429810	-0.788256
54753.0	2008.785519	1.226933	0.007634
54754.0	2008.788251	-0.242205	-1.462737
54755.0	2008.790984	0.542711	-0.679054
54756.0	2008.793716	1.678118	0.455120
54757.0	2008.796448	2.444939	1.220708
54758.0	2008.799180	0.605517	-0.619947
54759.0	2008.801913	1.789293	0.562596
54760.0	2008.804645	1.595601	0.367671
54761.0	2008.807377	0.958477	-0.270686
54762.0	2008.810109	1.498618	0.268222
54763.0	2008.812842	2.633371	1.401743
54764.0	2008.815574	1.781830	0.548969
54765.0	2008.818306	2.599415	1.365321
54766.0	2008.821038	2.041730	0.806403
54767.0	2008.823770	2.680738	1.444178
54768.0	2008.826503	2.070062	0.832269
54769.0	2008.829235	1.063174	-0.175852
54930.0	2009.269863	1.274414	-0.163452
54931.0	2009.272603	1.770026	0.330923
54932.0	2009.275342	1.903300	0.462961
54933.0	2009.278082	2.037938	0.596363
54934.0	2009.280822	2.954177	1.511365
54935.0	2009.283562	2.810392	1.366344
54936.0	2009.286301	2.589988	1.144704
54937.0	2009.289041	2.228008	0.781487
54938.0	2009.291781	3.255620	1.807863
54939.0	2009.294521	2.482228	1.033235
54940.0	2009.297260	2.112000	0.661770
54941.0	2009.300000	1.367581	-0.083885
54942.0	2009.302740	0.824889	-0.627813
54943.0	2009.305479	2.559010	1.105071
54944.0	2009.308219	1.161927	-0.293248
54945.0	2009.310959	1.013180	-0.443231
54946.0	2009.313699	0.846149	-0.611499
54947.0	2009.316438	-0.423145	-1.882029
54948.0	2009.319178	0.385977	-1.074143
54949.0	2009.321918	1.097957	-0.363400
54950.0	2009.324658	1.048601	-0.413992
54951.0	2009.327397	1.532776	0.068947
54952.0	2009.330137	2.695603	1.230537
54953.0	2009.332877	2.139938	0.673636
54954.0	2009.335616	1.348361	-0.119178
54955.0	2009.338356	4.776989	3.308214
54956.0	2009.341096	1.466792	-0.003219
54957.0	2009.343836	0.293577	-1.177671
54958.0	2009.346575	0.464107	-1.008377
54959.0	2009.349315	-0.411637	-1.885357
54965.0	2009.365753	1.499383	0.018245
54966.0	2009.368493	0.106449	-1.375926
54967.0	2009.371233	2.310565	0.826954
54968.0	2009.373973	1.545601	0.060754
54969.0	2009.376712	1.908213	0.422129
54970.0	2009.379452	-0.252078	-1.739398
54971.0	2009.382192	0.645973	-0.842583
54972.0	2009.384932	0.504488	-0.985305
54973.0	2009.387671	0.303658	-1.187371
54974.0	2009.390411	0.293869	-1.198396
54975.0	2009.393151	-1.043718	-2.537220
54976.0	2009.395890	1.521857	0.027119
54977.0	2009.398630	0.832403	-0.663571
54978.0	2009.401370	0.908003	-0.589208
54979.0	2009.404110	1.451741	-0.046706
54980.0	2009.406849	-0.085498	-1.585181
54981.0	2009.409589	0.115324	-1.385596
54982.0	2009.412329	2.010780	0.508624
54983.0	2009.415068	-0.257858	-1.761250
54984.0	2009.417808	-1.404351	-2.908980
54985.0	2009.420548	1.711747	0.205882
54986.0	2009.423288	1.039582	-0.467519
54987.0	2009.426027	0.158812	-1.349526
54988.0	2009.428767	0.350867	-1.158707
54989.0	2009.431507	0.502237	-1.008573
54990.0	2009.434247	0.310711	-1.201336
54991.0	2009.436986	-0.165643	-1.678926
54992.0	2009.439726	1.249038	-0.265482
54993.0	2009.442466	3.527576	2.011820
54994.0	2009.445205	0.315449	-1.201543
54995.0	2009.447945	1.087230	-0.430999
54996.0	2009.450685	-0.895618	-2.415083
54997.0	2009.453425	0.556364	-0.964337
54998.0	2009.456164	1.178023	-0.343915
54999.0	2009.458904	1.652404	0.129230
55000.0	2009.461644	-0.106123	-1.630533
55001.0	2009.464384	0.583976	-0.941671
55002.0	2009.467123	-1.632124	-3.159007
55003.0	2009.469863	-2.981137	-4.509256
55004.0	2009.472603	-1.855274	-3.384630
55005.0	2009.475342	-1.416771	-2.947363
55006.0	2009.478082	-2.497266	-4.029094
55007.0	2009.480822	-0.680323	-2.213388
55008.0	2009.483562	-0.713101	-2.247402
55009.0	2009.486301	-0.114240	-1.649777
55010.0	2009.489041	-1.872739	-3.409513
55011.0	2009.491781	-1.712521	-3.250531
55012.0	2009.494521	0.581010	-0.958236
55013.0	2009.497260	-0.782647	-2.323130
55014.0	2009.500000	0.375258	-1.166461
55015.0	2009.502740	-0.061786	-1.604741
55016.0	2009.505479	1.752345	0.208153
55017.0	2009.508219	1.655437	0.110009
55018.0	2009.510959	1.254779	-0.291885
55019.0	2009.513699	-2.158074	-3.705975
55020.0	2009.516438	-0.403831	-1.952968
55021.0	2009.519178	-1.607973	-3.158346
55022.0	2009.521918	-0.384166	-1.935776
55023.0	2009.524658	-2.348895	-3.901741
55024.0	2009.527397	2.646253	1.092171
55025.0	2009.530137	1.716852	0.161533
55026.0	2009.532877	-0.155119	-1.711674
55027.0	2009.535616	0.567577	-0.990215
55028.0	2009.538356	-0.325289	-1.884317
55029.0	2009.541096	0.628879	-0.931385
55030.0	2009.543836	0.959660	-0.601841
55031.0	2009.546575	-0.051933	-1.614670
55032.0	2009.549315	0.108810	-1.455163
55033.0	2009.552055	-0.116912	-1.682122
55034.0	2009.554795	2.186872	0.620426
55035.0	2009.557534	-0.728774	-2.296456
55036.0	2009.560274	1.615361	0.046442
55037.0	2009.563014	0.498829	-1.071326
55038.0	2009.565753	-1.411984	-2.983375
55039.0	2009.568493	-0.517586	-2.090214
55040.0	2009.571233	-0.216416	-1.790280
55041.0	2009.573973	-1.374661	-2.949761
55042.0	2009.576712	0.572580	-1.003757
55043.0	2009.579452	0.398434	-1.179139
55044.0	2009.582192	-0.066993	-1.645802
55045.0	2009.584932	-0.495591	-2.075637
55046.0	2009.587671	-0.393669	-1.974951
55047.0	2009.590411	-0.834742	-2.417260
55057.0	2009.617808	0.125010	-1.469872
55058.0	2009.620548	-0.800058	-2.396176
55059.0	2009.623288	-0.471935	-2.069289
55062.0	2009.631507	0.637545	-0.963518
55063.0	2009.634247	1.526537	-0.075763
55064.0	2009.636986	2.974690	1.371154
55065.0	2009.639726	0.598495	-1.006278
55066.0	2009.642466	0.394643	-1.211366
55067.0	2009.645205	0.646315	-0.960930
55068.0	2009.647945	-0.458222	-2.066704
55089.0	2009.705479	3.668169	2.033724
55090.0	2009.708219	2.951831	1.316150
55091.0	2009.710959	0.598213	-1.038704
55092.0	2009.713699	1.706333	0.068179
55093.0	2009.716438	0.245036	-1.394354
55094.0	2009.719178	0.136690	-1.503936
55095.0	2009.721918	3.491695	1.849832
55096.0	2009.724658	1.181082	-0.462017
55097.0	2009.727397	-1.755040	-3.399375
55098.0	2009.730137	2.256196	0.610624
55099.0	2009.732877	3.347659	1.700851
55102.0	2009.741096	0.666504	-0.984013
55103.0	2009.743836	1.363176	-0.288578
55104.0	2009.746575	0.917464	-0.735526
55105.0	2009.749315	0.884871	-0.769355
55106.0	2009.752055	1.285835	-0.369628
55107.0	2009.754795	0.872527	-0.784172
55108.0	2009.757534	0.458437	-1.199498
55109.0	2009.760274	0.441029	-1.218143
55110.0	2009.763014	0.609821	-1.050587
55111.0	2009.765753	1.433032	-0.228612
55112.0	2009.768493	1.716258	0.053377
55113.0	2009.771233	3.695710	2.031593
55114.0	2009.773973	2.401027	0.735674
55115.0	2009.776712	2.583472	0.916882
55116.0	2009.779452	1.757173	0.089347
55117.0	2009.782192	1.395269	-0.273793
55118.0	2009.784932	2.957743	1.287444
55119.0	2009.787671	3.222217	1.550682
55120.0	2009.790411	1.251558	-0.421213
55121.0	2009.793151	2.310007	0.635999
55122.0	2009.795890	0.687589	-0.987655
55123.0	2009.798630	2.379579	0.703099
55124.0	2009.801370	0.431300	-1.246417
55125.0	2009.804110	0.637024	-1.041929
55126.0	2009.806849	0.366525	-1.313664
55127.0	2009.809589	2.107786	0.426360
55128.0	2009.812329	1.291948	-0.390714
55129.0	2009.815068	1.582664	-0.101234
55130.0	2009.817808	2.199469	0.514334
55131.0	2009.820548	0.694677	-0.991694
55132.0	2009.823288	2.194437	0.506830
55133.0	2009.826027	1.099521	-0.589323
55134.0	2009.828767	2.120719	0.430639
55135.0	2009.831507	1.364310	-0.327006
55136.0	2009.834247	1.365978	-0.326575
