58547.0	2019.172603	-1.763252
58548.0	2019.175342	0.151707
58549.0	2019.178082	2.121665
58550.0	2019.180822	2.789624
58551.0	2019.183562	2.696582
58552.0	2019.186301	2.027541
58553.0	2019.189041	2.348499
58554.0	2019.191781	2.792458
58555.0	2019.194521	3.266416
58556.0	2019.197260	3.370375
58557.0	2019.200000	-0.442667
58558.0	2019.202740	1.080292
58559.0	2019.205479	0.889250
58560.0	2019.208219	-0.718791
58561.0	2019.210959	1.338167
58562.0	2019.213699	-1.517874
58563.0	2019.216438	0.529084
58564.0	2019.219178	0.253043
58565.0	2019.221918	1.409002
58566.0	2019.224658	1.271960
58567.0	2019.227397	0.961919
58568.0	2019.230137	1.341877
58569.0	2019.232877	2.983836
58570.0	2019.235616	1.581794
58571.0	2019.238356	1.496753
58572.0	2019.241096	0.104711
58573.0	2019.243836	-1.262330
58574.0	2019.246575	0.299628
58575.0	2019.249315	-0.323413
58576.0	2019.252055	0.168545
58577.0	2019.254795	1.488504
58578.0	2019.257534	0.807462
58579.0	2019.260274	2.501421
58580.0	2019.263014	1.525379
58581.0	2019.265753	0.766338
58582.0	2019.268493	1.025296
58583.0	2019.271233	0.067255
58584.0	2019.273973	0.706214
58585.0	2019.276712	3.713172
58586.0	2019.279452	1.163131
58587.0	2019.282192	1.043089
58588.0	2019.284932	-0.689952
58589.0	2019.287671	1.703006
58590.0	2019.290411	2.285965
58591.0	2019.293151	0.086923
58592.0	2019.295890	0.170882
58593.0	2019.298630	0.485840
58594.0	2019.301370	-0.252201
58595.0	2019.304110	0.846757
58596.0	2019.306849	1.387716
58597.0	2019.309589	1.698674
58598.0	2019.312329	1.950633
58599.0	2019.315068	-0.705409
58600.0	2019.317808	2.684550
58601.0	2019.320548	0.955509
58602.0	2019.323288	0.933467
58603.0	2019.326027	1.838426
58604.0	2019.328767	2.869384
58605.0	2019.331507	2.759343
58606.0	2019.334247	0.848301
58607.0	2019.336986	-0.020740
58608.0	2019.339726	1.278218
58609.0	2019.342466	1.390177
58610.0	2019.345205	2.252135
58611.0	2019.347945	2.004094
58612.0	2019.350685	1.800052
58613.0	2019.353425	0.549011
58614.0	2019.356164	3.112969
58615.0	2019.358904	1.536928
58616.0	2019.361644	1.667886
58617.0	2019.364384	1.397845
58618.0	2019.367123	2.602804
58619.0	2019.369863	1.360762
58620.0	2019.372603	1.204721
58621.0	2019.375342	1.703679
58622.0	2019.378082	2.063638
58623.0	2019.380822	0.472596
58624.0	2019.383562	2.694555
58625.0	2019.386301	4.431513
58626.0	2019.389041	2.038472
58627.0	2019.391781	2.130430
58628.0	2019.394521	1.735389
58629.0	2019.397260	2.510347
58630.0	2019.400000	0.987306
58631.0	2019.402740	2.190264
58632.0	2019.405479	3.477223
58633.0	2019.408219	1.594181
58634.0	2019.410959	4.130140
58635.0	2019.413699	0.693098
58636.0	2019.416438	2.091057
58637.0	2019.419178	2.136016
58638.0	2019.421918	1.998974
58639.0	2019.424658	1.732933
58640.0	2019.427397	0.415891
58641.0	2019.430137	0.500850
58642.0	2019.432877	1.396808
58643.0	2019.435616	1.684767
58644.0	2019.438356	2.073725
58645.0	2019.441096	0.478684
58646.0	2019.443836	-0.950358
58647.0	2019.446575	1.740601
58648.0	2019.449315	3.086559
58649.0	2019.452055	2.941518
58650.0	2019.454795	0.868476
58651.0	2019.457534	1.826435
58652.0	2019.460274	0.573393
58653.0	2019.463014	3.909352
58654.0	2019.465753	3.058311
58655.0	2019.468493	3.046269
58656.0	2019.471233	0.969228
58657.0	2019.473973	3.452186
58658.0	2019.476712	3.342145
58659.0	2019.479452	2.553103
58660.0	2019.482192	3.127062
58661.0	2019.484932	2.035020
58662.0	2019.487671	2.060979
58663.0	2019.490411	5.768937
58664.0	2019.493151	1.679896
58665.0	2019.495890	0.845854
58666.0	2019.498630	1.553813
58667.0	2019.501370	3.823771
58668.0	2019.504110	2.944730
58669.0	2019.506849	3.579688
58670.0	2019.509589	1.765647
58671.0	2019.512329	4.483605
58672.0	2019.515068	2.442564
58673.0	2019.517808	4.618523
58674.0	2019.520548	2.910481
58675.0	2019.523288	0.208440
58676.0	2019.526027	1.258398
58677.0	2019.528767	1.350357
58678.0	2019.531507	1.232315
58679.0	2019.534247	2.806274
58680.0	2019.536986	0.180232
58681.0	2019.539726	2.966191
58682.0	2019.542466	-0.243851
58683.0	2019.545205	2.446108
58684.0	2019.547945	0.996066
58685.0	2019.550685	2.764025
58686.0	2019.553425	3.464983
58687.0	2019.556164	3.130942
58688.0	2019.558904	2.114900
58689.0	2019.561644	0.509859
58690.0	2019.564384	0.700818
58691.0	2019.567123	0.227776
58692.0	2019.569863	1.027735
58693.0	2019.572603	-0.160307
58694.0	2019.575342	1.720652
58695.0	2019.578082	-0.296390
58696.0	2019.580822	-1.459431
58697.0	2019.583562	-0.222473
58698.0	2019.586301	0.898486
58699.0	2019.589041	-0.316556
58700.0	2019.591781	1.848403
58701.0	2019.594521	0.254361
58702.0	2019.597260	0.301320
58703.0	2019.600000	2.926278
58704.0	2019.602740	2.727237
58705.0	2019.605479	0.211195
58706.0	2019.608219	-0.508846
58707.0	2019.610959	2.387113
58708.0	2019.613699	-0.491929
58709.0	2019.616438	0.596030
58710.0	2019.619178	0.081988
58711.0	2019.621918	1.498947
58712.0	2019.624658	-0.518095
58713.0	2019.627397	-1.924136
58714.0	2019.630137	0.576822
58715.0	2019.632877	-1.845219
58716.0	2019.635616	-1.031261
58717.0	2019.638356	1.249698
58718.0	2019.641096	0.446656
58719.0	2019.643836	-1.153385
58720.0	2019.646575	0.224573
58721.0	2019.649315	-1.888468
58722.0	2019.652055	1.506490
58723.0	2019.654795	-1.881551
58724.0	2019.657534	-2.337593
58725.0	2019.660274	-0.264634
58726.0	2019.663014	-2.718675
58727.0	2019.665753	-2.614717
58728.0	2019.668493	-1.013758
58729.0	2019.671233	-2.570800
58730.0	2019.673973	-1.365841
58731.0	2019.676712	0.934117
58732.0	2019.679452	-0.731924
58733.0	2019.682192	1.090034
58734.0	2019.684932	0.128993
58735.0	2019.687671	0.081951
58736.0	2019.690411	-0.158090
58737.0	2019.693151	0.313868
58738.0	2019.695890	-0.731173
58739.0	2019.698630	-0.056215
58740.0	2019.701370	0.029744
58741.0	2019.704110	-1.061298
58742.0	2019.706849	1.404661
58743.0	2019.709589	0.744620
58744.0	2019.712329	-0.703422
58745.0	2019.715068	0.908537
58746.0	2019.717808	-0.601505
58747.0	2019.720548	0.156454
58748.0	2019.723288	1.632412
58749.0	2019.726027	1.619371
58750.0	2019.728767	0.873329
58751.0	2019.731507	2.025288
58752.0	2019.734247	1.068246
58753.0	2019.736986	1.724205
58754.0	2019.739726	-0.249837
58755.0	2019.742466	1.500122
58756.0	2019.745205	1.632080
58757.0	2019.747945	1.406039
58758.0	2019.750685	0.805997
58759.0	2019.753425	1.209956
58760.0	2019.756164	-0.056085
58761.0	2019.758904	2.638873
58762.0	2019.761644	2.946832
58763.0	2019.764384	-0.928210
58764.0	2019.767123	2.522749
58765.0	2019.769863	1.743707
58766.0	2019.772603	2.199666
58767.0	2019.775342	0.122624
58768.0	2019.778082	-0.482417
58769.0	2019.780822	-0.582459
58770.0	2019.783562	-0.802500
58771.0	2019.786301	1.144458
58772.0	2019.789041	-0.025583
58773.0	2019.791781	1.760375
58774.0	2019.794521	0.069334
58775.0	2019.797260	-1.529708
58776.0	2019.800000	0.811251
58777.0	2019.802740	1.191209
58778.0	2019.805479	-1.173832
58779.0	2019.808219	1.714127
58780.0	2019.810959	1.060085
58781.0	2019.813699	1.264044
58782.0	2019.816438	2.082002
58783.0	2019.819178	3.692961
58784.0	2019.821918	1.531919
58785.0	2019.824658	0.148878
58786.0	2019.827397	1.790836
58787.0	2019.830137	-0.522205
58788.0	2019.832877	1.131753
58789.0	2019.835616	0.379712
58790.0	2019.838356	-0.213330
58791.0	2019.841096	0.994629
58792.0	2019.843836	1.001587
58793.0	2019.846575	-0.371454
58794.0	2019.849315	0.062504
58795.0	2019.852055	0.001463
58796.0	2019.854795	0.966422
58797.0	2019.857534	0.884380
58798.0	2019.860274	0.090339
58799.0	2019.863014	-0.024703
58800.0	2019.865753	1.084256
58801.0	2019.868493	-0.502786
58802.0	2019.871233	0.187173
58803.0	2019.873973	1.137131
58804.0	2019.876712	3.017090
58805.0	2019.879452	2.155048
58806.0	2019.882192	1.434007
58807.0	2019.884932	0.681965
58808.0	2019.887671	2.270924
58809.0	2019.890411	0.305882
58810.0	2019.893151	-0.096159
58811.0	2019.895890	0.147799
58812.0	2019.898630	0.104758
58813.0	2019.901370	1.106717
58814.0	2019.904110	1.411675
58815.0	2019.906849	0.422634
58816.0	2019.909589	2.363592
58817.0	2019.912329	-0.262449
58818.0	2019.915068	0.336509
58819.0	2019.917808	1.161468
58820.0	2019.920548	1.096426
58821.0	2019.923288	0.541385
58822.0	2019.926027	1.197343
58823.0	2019.928767	1.697302
58824.0	2019.931507	1.403260
58825.0	2019.934247	2.204219
58826.0	2019.936986	3.139177
58827.0	2019.939726	-0.186864
58828.0	2019.942466	-0.004906
58829.0	2019.945205	1.409053
58830.0	2019.947945	2.341011
58831.0	2019.950685	2.883970
58832.0	2019.953425	0.200929
58833.0	2019.956164	2.587887
58834.0	2019.958904	0.612846
58835.0	2019.961644	0.496804
58836.0	2019.964384	-0.331237
58837.0	2019.967123	-0.278279
58838.0	2019.969863	0.678680
58839.0	2019.972603	2.486638
58840.0	2019.975342	4.003597
58841.0	2019.978082	1.662555
58842.0	2019.980822	2.089514
58843.0	2019.983562	1.593472
58844.0	2019.986301	1.506431
58845.0	2019.989041	-0.039611
58846.0	2019.991781	3.035348
58847.0	2019.994521	2.572306
58848.0	2019.997260	1.567265
58849.0	2020.000000	2.667224
58850.0	2020.002732	2.085179
58851.0	2020.005464	0.594135
58852.0	2020.008197	-0.897909
58853.0	2020.010929	-0.190953
58854.0	2020.013661	-0.810997
58855.0	2020.016393	2.390959
58856.0	2020.019126	1.117915
58857.0	2020.021858	1.069871
58858.0	2020.024590	6.040827
58859.0	2020.027322	-0.129217
58860.0	2020.030055	2.183739
58861.0	2020.032787	1.952694
58862.0	2020.035519	0.200650
58863.0	2020.038251	1.881606
58864.0	2020.040984	1.099562
58866.0	2020.046448	1.831474
58867.0	2020.049180	2.225430
58868.0	2020.051913	1.025386
58869.0	2020.054645	0.875342
58870.0	2020.057377	2.302298
58871.0	2020.060109	1.308254
58872.0	2020.062842	1.742209
58873.0	2020.065574	1.907165
58874.0	2020.068306	0.093121
58875.0	2020.071038	1.301077
58876.0	2020.073770	-0.465967
58877.0	2020.076503	0.567989
58878.0	2020.079235	3.061945
58879.0	2020.081967	1.256901
58880.0	2020.084699	1.188857
58881.0	2020.087432	0.935813
58882.0	2020.090164	2.246769
58883.0	2020.092896	2.847724
58884.0	2020.095628	1.983680
58885.0	2020.098361	1.127636
58886.0	2020.101093	0.262592
58887.0	2020.103825	1.677548
58888.0	2020.106557	0.866504
58889.0	2020.109290	1.427460
58890.0	2020.112022	0.203416
58891.0	2020.114754	0.320372
58892.0	2020.117486	1.990328
58893.0	2020.120219	1.126284
58894.0	2020.122951	-0.030761
58895.0	2020.125683	1.193195
58896.0	2020.128415	0.641151
58897.0	2020.131148	1.179107
58898.0	2020.133880	-0.048937
58899.0	2020.136612	-0.687981
58900.0	2020.139344	0.514975
58901.0	2020.142077	0.024931
58902.0	2020.144809	-0.002113
58903.0	2020.147541	1.851843
58904.0	2020.150273	-0.368201
58905.0	2020.153005	-1.154246
58906.0	2020.155738	0.972710
58907.0	2020.158470	0.396666
58908.0	2020.161202	0.110622
58909.0	2020.163934	0.365578
58910.0	2020.166667	4.028534
58911.0	2020.169399	2.235490
58912.0	2020.172131	-0.241554
58913.0	2020.174863	0.515402
58914.0	2020.177596	1.199358
58915.0	2020.180328	0.842314
58916.0	2020.183060	1.026269
58917.0	2020.185792	2.803225
58918.0	2020.188525	-0.375819
58919.0	2020.191257	-0.187863
58920.0	2020.193989	1.824093
58921.0	2020.196721	0.530049
58922.0	2020.199454	0.701005
58923.0	2020.202186	1.877961
58924.0	2020.204918	-0.147083
58925.0	2020.207650	1.814873
58926.0	2020.210383	-0.076171
58927.0	2020.213115	2.880784
58928.0	2020.215847	0.843740
58929.0	2020.218579	-0.697304
58930.0	2020.221311	-0.410348
58931.0	2020.224044	0.244608
58932.0	2020.226776	0.286564
58933.0	2020.229508	1.542520
58934.0	2020.232240	3.686476
58935.0	2020.234973	2.133432
58936.0	2020.237705	1.624388
58937.0	2020.240437	0.031344
58938.0	2020.243169	-0.141701
58939.0	2020.245902	0.978255
58940.0	2020.248634	-0.906789
58941.0	2020.251366	0.537167
58942.0	2020.254098	-0.439877
58943.0	2020.256831	0.366079
58944.0	2020.259563	-1.413965
58945.0	2020.262295	-1.142009
58946.0	2020.265027	-0.448053
58947.0	2020.267760	-0.647097
58948.0	2020.270492	-1.803141
58949.0	2020.273224	-1.430186
58950.0	2020.275956	0.147770
58951.0	2020.278689	1.182726
58952.0	2020.281421	-1.166318
58953.0	2020.284153	-2.059362
58954.0	2020.286885	-1.773406
58955.0	2020.289617	-0.959450
58956.0	2020.292350	2.548506
58957.0	2020.295082	2.314462
58958.0	2020.297814	-1.930582
58959.0	2020.300546	0.228374
58960.0	2020.303279	0.956329
58961.0	2020.306011	-0.400715
58962.0	2020.308743	1.080241
58963.0	2020.311475	0.658197
58964.0	2020.314208	-2.080847
58965.0	2020.316940	-1.323891
58966.0	2020.319672	0.026065
58967.0	2020.322404	0.741021
58968.0	2020.325137	0.645977
58969.0	2020.327869	1.301933
58970.0	2020.330601	2.372889
58971.0	2020.333333	0.457844
58972.0	2020.336066	1.473800
58973.0	2020.338798	1.184756
58974.0	2020.341530	1.249712
58975.0	2020.344262	-0.048332
58976.0	2020.346995	-0.390376
58977.0	2020.349727	-1.804420
58978.0	2020.352459	-0.523464
58979.0	2020.355191	0.805492
58980.0	2020.357923	-0.731552
58981.0	2020.360656	0.963404
58982.0	2020.363388	0.703359
58983.0	2020.366120	2.091315
58984.0	2020.368852	3.043271
58985.0	2020.371585	1.370227
58986.0	2020.374317	0.104183
58987.0	2020.377049	1.450139
58988.0	2020.379781	0.479095
58989.0	2020.382514	0.845051
58990.0	2020.385246	1.938007
58991.0	2020.387978	0.630963
58992.0	2020.390710	1.314919
58993.0	2020.393443	0.485874
58994.0	2020.396175	1.851830
58995.0	2020.398907	1.093786
58996.0	2020.401639	0.951742
58997.0	2020.404372	2.044698
58998.0	2020.407104	1.011654
58999.0	2020.409836	-0.379390
59000.0	2020.412568	0.023566
59001.0	2020.415301	1.009522
59002.0	2020.418033	1.499478
59003.0	2020.420765	0.073434
59004.0	2020.423497	0.432389
59005.0	2020.426230	-0.226655
59006.0	2020.428962	0.220301
59007.0	2020.431694	2.672257
59008.0	2020.434426	2.671213
59009.0	2020.437158	0.084169
59010.0	2020.439891	0.800125
59011.0	2020.442623	0.141081
59012.0	2020.445355	0.218037
59013.0	2020.448087	2.162993
59014.0	2020.450820	2.398949
59015.0	2020.453552	2.690904
59016.0	2020.456284	0.904860
59017.0	2020.459016	2.035816
59018.0	2020.461749	1.721772
59019.0	2020.464481	2.472728
59020.0	2020.467213	1.382684
59021.0	2020.469945	2.285640
59022.0	2020.472678	-0.025404
59023.0	2020.475410	-0.913448
59024.0	2020.478142	0.155508
59025.0	2020.480874	2.061464
59026.0	2020.483607	1.311419
59027.0	2020.486339	2.592375
59028.0	2020.489071	0.565331
59029.0	2020.491803	1.656287
59030.0	2020.494536	2.831243
59031.0	2020.497268	2.731199
59032.0	2020.500000	3.525155
59033.0	2020.502732	1.252111
59034.0	2020.505464	0.477067
59035.0	2020.508197	-1.235977
59036.0	2020.510929	0.616979
59037.0	2020.513661	2.057934
59038.0	2020.516393	-0.790110
59039.0	2020.519126	0.596846
59040.0	2020.521858	1.518802
59041.0	2020.524590	0.587758
59042.0	2020.527322	0.040714
59043.0	2020.530055	0.787670
59044.0	2020.532787	2.001626
59045.0	2020.535519	2.774582
59046.0	2020.538251	-0.222462
59047.0	2020.540984	2.384494
59048.0	2020.543716	1.202449
59049.0	2020.546448	1.106405
59050.0	2020.549180	0.337361
59051.0	2020.551913	0.317317
59052.0	2020.554645	0.550273
59053.0	2020.557377	1.305229
59054.0	2020.560109	0.667185
59055.0	2020.562842	-1.991859
59056.0	2020.565574	-1.008903
59057.0	2020.568306	-1.523947
59058.0	2020.571038	0.347009
59059.0	2020.573770	1.478964
59060.0	2020.576503	1.485920
59061.0	2020.579235	2.287876
59062.0	2020.581967	-0.923168
59063.0	2020.584699	-0.413212
59064.0	2020.587432	-2.063256
59065.0	2020.590164	1.157700
59066.0	2020.592896	0.794656
59067.0	2020.595628	0.128612
59068.0	2020.598361	0.362568
59069.0	2020.601093	0.277524
59070.0	2020.603825	2.255479
59071.0	2020.606557	1.021435
59072.0	2020.609290	1.623391
59073.0	2020.612022	2.688347
59074.0	2020.614754	-1.445697
59075.0	2020.617486	-0.458741
59076.0	2020.620219	1.013215
59077.0	2020.622951	0.671171
59078.0	2020.625683	-1.264873
59079.0	2020.628415	2.557083
59080.0	2020.631148	1.767039
59081.0	2020.633880	0.822994
59082.0	2020.636612	-1.529050
59083.0	2020.639344	1.549906
59084.0	2020.642077	-1.871138
59085.0	2020.644809	0.171818
59086.0	2020.647541	0.092774
59087.0	2020.650273	4.488730
59088.0	2020.653005	0.016686
59089.0	2020.655738	3.040642
59090.0	2020.658470	1.215598
59091.0	2020.661202	0.367554
59092.0	2020.663934	1.842509
59093.0	2020.666667	1.733465
59094.0	2020.669399	0.199421
59095.0	2020.672131	-1.541623
59096.0	2020.674863	0.836333
59097.0	2020.677596	1.154289
59098.0	2020.680328	0.599245
59099.0	2020.683060	0.766201
59100.0	2020.685792	1.909157
59101.0	2020.688525	3.419113
59102.0	2020.691257	0.392069
59103.0	2020.693989	3.265024
59104.0	2020.696721	3.557980
59105.0	2020.699454	1.737936
59106.0	2020.702186	0.323892
59107.0	2020.704918	0.708848
59108.0	2020.707650	2.076804
59109.0	2020.710383	0.267760
59110.0	2020.713115	1.127716
59111.0	2020.715847	1.871672
59112.0	2020.718579	2.582628
59113.0	2020.721311	2.752584
59114.0	2020.724044	2.151539
59115.0	2020.726776	2.390495
59117.0	2020.732240	3.621407
59118.0	2020.734973	2.611363
59119.0	2020.737705	3.727319
59120.0	2020.740437	3.435275
59121.0	2020.743169	2.357231
59122.0	2020.745902	1.397187
59123.0	2020.748634	0.023143
59124.0	2020.751366	0.193099
59125.0	2020.754098	0.775054
59126.0	2020.756831	3.603010
59127.0	2020.759563	3.175966
59128.0	2020.762295	1.962922
59129.0	2020.765027	-0.597122
59130.0	2020.767760	0.737834
59131.0	2020.770492	2.834790
59132.0	2020.773224	0.494746
59133.0	2020.775956	0.416702
59134.0	2020.778689	1.837658
59135.0	2020.781421	-0.296386
59136.0	2020.784153	0.634569
59137.0	2020.786885	-1.590475
59138.0	2020.789617	-1.899519
59139.0	2020.792350	0.700437
59140.0	2020.795082	-0.459607
59141.0	2020.797814	-1.033651
59142.0	2020.800546	0.943305
59143.0	2020.803279	0.734261
59144.0	2020.806011	2.148217
59145.0	2020.808743	1.181173
59146.0	2020.811475	-1.192871
59147.0	2020.814208	-0.423916
59148.0	2020.816940	0.054040
59149.0	2020.819672	0.849996
59150.0	2020.822404	3.398952
59151.0	2020.825137	1.601908
59152.0	2020.827869	2.445864
59153.0	2020.830601	2.916820
59154.0	2020.833333	1.008776
59155.0	2020.836066	-1.207268
59156.0	2020.838798	1.121688
59157.0	2020.841530	2.187644
59158.0	2020.844262	2.309599
59159.0	2020.846995	0.603555
59160.0	2020.849727	1.608511
59161.0	2020.852459	2.211467
59162.0	2020.855191	2.767423
59163.0	2020.857923	2.912379
59164.0	2020.860656	1.201335
59165.0	2020.863388	2.575291
59166.0	2020.866120	0.891247
59167.0	2020.868852	2.957203
59168.0	2020.871585	3.971159
59169.0	2020.874317	2.191114
59170.0	2020.877049	0.721070
59171.0	2020.879781	1.002026
59172.0	2020.882514	1.432982
59173.0	2020.885246	2.527938
59174.0	2020.887978	2.569894
59175.0	2020.890710	2.557850
59176.0	2020.893443	0.538806
59177.0	2020.896175	2.368762
59178.0	2020.898907	3.400718
59179.0	2020.901639	1.613674
59180.0	2020.904372	1.401629
59181.0	2020.907104	1.148585
59182.0	2020.909836	-0.837459
59183.0	2020.912568	-0.527503
59184.0	2020.915301	-0.046547
59185.0	2020.918033	2.228409
59186.0	2020.920765	0.174365
59187.0	2020.923497	0.035321
59188.0	2020.926230	1.236277
59189.0	2020.928962	0.710233
59190.0	2020.931694	-0.090811
59191.0	2020.934426	1.088144
59192.0	2020.937158	0.538100
59193.0	2020.939891	0.785056
59194.0	2020.942623	0.994012
59195.0	2020.945355	0.789968
59196.0	2020.948087	-0.084076
59197.0	2020.950820	-1.650120
59198.0	2020.953552	-0.309164
59199.0	2020.956284	-0.076208
59200.0	2020.959016	-0.465252
59201.0	2020.961749	0.262704
59202.0	2020.964481	0.582659
59203.0	2020.967213	0.533615
59204.0	2020.969945	-0.530429
59205.0	2020.972678	-1.574473
59206.0	2020.975410	0.801483
59207.0	2020.978142	-0.799561
59210.0	2020.986339	3.392307
59211.0	2020.989071	0.931263
59212.0	2020.991803	-0.465781
59213.0	2020.994536	-0.746826
59214.0	2020.997268	-1.222870
59215.0	2021.000000	-0.718914
59216.0	2021.002740	1.253045
59217.0	2021.005479	-0.179997
59218.0	2021.008219	-0.702038
59219.0	2021.010959	0.216920
59220.0	2021.013699	0.035879
59221.0	2021.016438	-0.447163
59222.0	2021.019178	0.213796
59223.0	2021.021918	-0.374245
59224.0	2021.024658	-1.369287
59225.0	2021.027397	0.164672
59226.0	2021.030137	1.328630
59227.0	2021.032877	1.467589
59228.0	2021.035616	0.665547
59229.0	2021.038356	1.060506
59230.0	2021.041096	1.669464
59231.0	2021.043836	1.699423
59232.0	2021.046575	2.273381
59233.0	2021.049315	1.560340
59234.0	2021.052055	1.931298
59235.0	2021.054795	0.514257
59236.0	2021.057534	2.144215
59237.0	2021.060274	1.494174
59238.0	2021.063014	0.742132
59239.0	2021.065753	1.583091
59240.0	2021.068493	3.187050
59241.0	2021.071233	-0.163992
59242.0	2021.073973	0.551967
59243.0	2021.076712	2.089925
59244.0	2021.079452	3.649884
59245.0	2021.082192	1.325842
59246.0	2021.084932	2.080801
59247.0	2021.087671	0.999759
59248.0	2021.090411	3.464718
59249.0	2021.093151	0.246676
59250.0	2021.095890	-0.111365
59251.0	2021.098630	1.121593
59252.0	2021.101370	1.030552
59253.0	2021.104110	0.755510
59254.0	2021.106849	-0.232531
59255.0	2021.109589	0.304427
59256.0	2021.112329	-2.242614
59257.0	2021.115068	-1.991656
59258.0	2021.117808	-1.613697
59259.0	2021.120548	-2.241738
59260.0	2021.123288	-0.052780
59261.0	2021.126027	-0.356821
59262.0	2021.128767	-1.460863
59263.0	2021.131507	1.321096
59264.0	2021.134247	4.681054
59265.0	2021.136986	3.311013
59266.0	2021.139726	3.714971
59267.0	2021.142466	2.297930
59268.0	2021.145205	1.025888
59269.0	2021.147945	2.473847
59270.0	2021.150685	3.250805
59271.0	2021.153425	2.132764
59272.0	2021.156164	1.378722
59273.0	2021.158904	1.525681
59274.0	2021.161644	1.347639
59275.0	2021.164384	1.931598
59276.0	2021.167123	1.055557
59277.0	2021.169863	-0.330485
59278.0	2021.172603	-0.109526
59279.0	2021.175342	2.690432
59280.0	2021.178082	4.271391
59281.0	2021.180822	4.480349
59282.0	2021.183562	2.321308
59283.0	2021.186301	0.465266
59284.0	2021.189041	1.785225
59285.0	2021.191781	1.305183
59286.0	2021.194521	0.120142
59287.0	2021.197260	0.662100
59288.0	2021.200000	1.251059
59289.0	2021.202740	1.484017
59290.0	2021.205479	2.442976
59291.0	2021.208219	-0.153066
59292.0	2021.210959	0.296893
59293.0	2021.213699	-0.111148
59294.0	2021.216438	-0.669190
59295.0	2021.219178	1.588769
59296.0	2021.221918	1.205727
59297.0	2021.224658	0.111686
59298.0	2021.227397	-0.974356
59299.0	2021.230137	-0.813397
59300.0	2021.232877	-0.755439
59301.0	2021.235616	0.085520
59302.0	2021.238356	2.310478
59303.0	2021.241096	-0.010563
59304.0	2021.243836	-1.286605
59305.0	2021.246575	0.329354
59306.0	2021.249315	1.019312
59307.0	2021.252055	0.222271
59308.0	2021.254795	1.636229
59309.0	2021.257534	0.289188
59310.0	2021.260274	0.405146
59311.0	2021.263014	1.572105
59313.0	2021.268493	2.194022
59314.0	2021.271233	0.537981
59315.0	2021.273973	1.469939
59316.0	2021.276712	1.743898
59317.0	2021.279452	0.634856
59318.0	2021.282192	0.922815
59319.0	2021.284932	0.824773
59320.0	2021.287671	-0.489268
59321.0	2021.290411	-1.307310
59322.0	2021.293151	-1.312351
59323.0	2021.295890	0.511607
59324.0	2021.298630	-0.444434
59325.0	2021.301370	0.784524
59326.0	2021.304110	0.916483
59327.0	2021.306849	2.320441
59328.0	2021.309589	-1.141600
59329.0	2021.312329	1.701359
59330.0	2021.315068	2.981317
59331.0	2021.317808	0.251276
59332.0	2021.320548	-0.980766
59333.0	2021.323288	-0.832807
59334.0	2021.326027	0.903151
59335.0	2021.328767	1.301110
59336.0	2021.331507	1.604068
59337.0	2021.334247	0.509027
59338.0	2021.336986	-0.055015
59339.0	2021.339726	-1.067056
59340.0	2021.342466	-2.237098
59341.0	2021.345205	-1.145139
59342.0	2021.347945	1.309819
59343.0	2021.350685	-1.933222
59344.0	2021.353425	-0.513264
59345.0	2021.356164	-0.559305
59346.0	2021.358904	-0.423346
59347.0	2021.361644	-1.346388
59348.0	2021.364384	-1.627429
59349.0	2021.367123	0.341529
59350.0	2021.369863	0.331488
59351.0	2021.372603	1.745446
59352.0	2021.375342	0.413405
59353.0	2021.378082	0.528363
59354.0	2021.380822	-0.624678
59355.0	2021.383562	0.983280
59356.0	2021.386301	1.632239
59357.0	2021.389041	0.635197
59358.0	2021.391781	1.454156
59359.0	2021.394521	2.403114
59360.0	2021.397260	1.779073
59361.0	2021.400000	0.685031
59362.0	2021.402740	1.935990
59363.0	2021.405479	2.233948
59364.0	2021.408219	3.861907
59365.0	2021.410959	2.913866
59366.0	2021.413699	-0.223176
59367.0	2021.416438	2.727783
59368.0	2021.419178	1.344741
59369.0	2021.421918	3.899700
59370.0	2021.424658	1.269658
59371.0	2021.427397	1.971617
59372.0	2021.430137	1.180575
59373.0	2021.432877	1.933534
59374.0	2021.435616	0.107492
59375.0	2021.438356	1.234451
59376.0	2021.441096	2.770409
59377.0	2021.443836	-1.394632
59378.0	2021.446575	-2.485674
59379.0	2021.449315	-0.359715
59380.0	2021.452055	-1.422757
59381.0	2021.454795	-0.311798
59382.0	2021.457534	1.758161
59383.0	2021.460274	-0.054881
59384.0	2021.463014	1.187078
59385.0	2021.465753	-0.119964
59386.0	2021.468493	0.082995
59387.0	2021.471233	0.923953
59388.0	2021.473973	0.795912
59389.0	2021.476712	-0.436130
59390.0	2021.479452	-0.040171
59391.0	2021.482192	1.161787
59392.0	2021.484932	-0.661254
59393.0	2021.487671	0.097704
59394.0	2021.490411	-0.086337
59395.0	2021.493151	0.641621
59396.0	2021.495890	-3.210420
59397.0	2021.498630	0.497538
59398.0	2021.501370	-0.362503
59399.0	2021.504110	-2.086544
59400.0	2021.506849	1.017414
59401.0	2021.509589	-1.721627
59402.0	2021.512329	-3.715669
59403.0	2021.515068	-1.764710
59404.0	2021.517808	3.200248
59405.0	2021.520548	-1.785793
59406.0	2021.523288	-0.953835
59407.0	2021.526027	1.188124
59408.0	2021.528767	3.543082
59409.0	2021.531507	0.472041
59411.0	2021.536986	2.604958
59412.0	2021.539726	1.595916
59413.0	2021.542466	2.205875
59414.0	2021.545205	0.414833
59415.0	2021.547945	-0.497208
59416.0	2021.550685	1.630750
59417.0	2021.553425	0.702709
59418.0	2021.556164	-1.185332
59419.0	2021.558904	1.609626
59420.0	2021.561644	2.122585
59421.0	2021.564384	1.014543
59422.0	2021.567123	0.704502
59423.0	2021.569863	-0.650540
59424.0	2021.572603	3.346419
59425.0	2021.575342	-0.859623
59426.0	2021.578082	0.177336
59427.0	2021.580822	1.438294
59428.0	2021.583562	-0.528747
59429.0	2021.586301	0.913211
59430.0	2021.589041	-1.078830
59431.0	2021.591781	-0.905872
59432.0	2021.594521	2.650087
59433.0	2021.597260	-1.546955
59434.0	2021.600000	0.785004
59435.0	2021.602740	2.150963
59436.0	2021.605479	0.883921
59437.0	2021.608219	1.489880
59438.0	2021.610959	0.209838
59439.0	2021.613699	-0.078203
59440.0	2021.616438	1.188755
59441.0	2021.619178	1.374714
59442.0	2021.621918	1.185672
59443.0	2021.624658	1.447631
59444.0	2021.627397	1.560589
59445.0	2021.630137	0.496548
59446.0	2021.632877	2.373506
59447.0	2021.635616	1.091465
59448.0	2021.638356	-0.662577
59449.0	2021.641096	0.708382
59450.0	2021.643836	-1.252660
59451.0	2021.646575	-1.788701
59452.0	2021.649315	2.374257
59453.0	2021.652055	-1.464784
59454.0	2021.654795	0.220175
59455.0	2021.657534	0.602133
59456.0	2021.660274	0.901092
59457.0	2021.663014	1.444050
59458.0	2021.665753	1.893009
59459.0	2021.668493	4.655967
59460.0	2021.671233	3.748926
59461.0	2021.673973	3.927884
59462.0	2021.676712	-1.142157
59463.0	2021.679452	3.021801
59464.0	2021.682192	1.323760
59465.0	2021.684932	1.052718
59466.0	2021.687671	0.927677
59467.0	2021.690411	1.962635
59468.0	2021.693151	2.917594
59469.0	2021.695890	2.081552
59470.0	2021.698630	3.801511
59471.0	2021.701370	2.025470
59472.0	2021.704110	2.351428
59473.0	2021.706849	2.787387
59474.0	2021.709589	2.625345
59475.0	2021.712329	5.453304
59476.0	2021.715068	-0.066738
59477.0	2021.717808	1.072221
59478.0	2021.720548	-0.651821
59479.0	2021.723288	2.904138
59480.0	2021.726027	1.854096
59481.0	2021.728767	3.676055
59482.0	2021.731507	3.644013
59483.0	2021.734247	2.091972
59484.0	2021.736986	1.001930
59485.0	2021.739726	3.001889
59486.0	2021.742466	0.880847
59487.0	2021.745205	2.819806
59488.0	2021.747945	4.408765
59489.0	2021.750685	2.083723
59490.0	2021.753425	0.496682
59491.0	2021.756164	2.231640
59492.0	2021.758904	2.341599
59493.0	2021.761644	0.846557
59494.0	2021.764384	2.283516
59495.0	2021.767123	2.712474
59496.0	2021.769863	3.042433
59497.0	2021.772603	2.109391
59498.0	2021.775342	0.711350
59499.0	2021.778082	2.357308
59500.0	2021.780822	1.332267
59501.0	2021.783562	3.088225
59502.0	2021.786301	2.101184
59503.0	2021.789041	0.504142
59504.0	2021.791781	1.321101
59505.0	2021.794521	1.056059
59506.0	2021.797260	0.489018
59507.0	2021.800000	2.417977
59508.0	2021.802740	2.855935
59509.0	2021.805479	1.129894
59510.0	2021.808219	1.447852
59511.0	2021.810959	3.339811
59512.0	2021.813699	1.084769
59513.0	2021.816438	3.166728
59515.0	2021.821918	2.384645
59516.0	2021.824658	2.630603
59517.0	2021.827397	0.583562
59518.0	2021.830137	0.519520
59519.0	2021.832877	0.047479
59520.0	2021.835616	-0.571563
59521.0	2021.838356	2.158396
59522.0	2021.841096	0.463354
59523.0	2021.843836	1.335313
59524.0	2021.846575	1.201272
59525.0	2021.849315	2.117230
59526.0	2021.852055	2.035189
59527.0	2021.854795	0.543147
59528.0	2021.857534	3.437106
59529.0	2021.860274	0.594064
59530.0	2021.863014	0.656023
59531.0	2021.865753	2.515981
59532.0	2021.868493	0.877940
59533.0	2021.871233	0.422898
59534.0	2021.873973	-0.451143
59535.0	2021.876712	0.034815
59536.0	2021.879452	0.583774
59537.0	2021.882192	-0.702268
59538.0	2021.884932	0.530691
59539.0	2021.887671	-1.010351
59540.0	2021.890411	-2.567392
59541.0	2021.893151	1.080567
59542.0	2021.895890	-0.978475
59543.0	2021.898630	-0.203516
59544.0	2021.901370	-2.316558
59545.0	2021.904110	-0.484599
59546.0	2021.906849	-1.764641
59547.0	2021.909589	-2.001682
59548.0	2021.912329	-1.437724
59549.0	2021.915068	-0.617765
59550.0	2021.917808	0.372193
59551.0	2021.920548	-4.205848
59552.0	2021.923288	-2.110890
59553.0	2021.926027	-0.666931
59554.0	2021.928767	-0.926973
59555.0	2021.931507	-1.187014
59556.0	2021.934247	-0.171056
59557.0	2021.936986	0.172903
59558.0	2021.939726	-1.275139
59559.0	2021.942466	1.391820
59560.0	2021.945205	-2.082221
59561.0	2021.947945	-1.222263
59562.0	2021.950685	0.786696
59563.0	2021.953425	2.959654
59564.0	2021.956164	3.931613
59565.0	2021.958904	-0.701429
59566.0	2021.961644	-1.309470
59567.0	2021.964384	-0.777512
59568.0	2021.967123	-1.223553
59569.0	2021.969863	-2.701595
59570.0	2021.972603	-1.353636
59571.0	2021.975342	1.082322
59572.0	2021.978082	2.383281
59573.0	2021.980822	1.208239
59574.0	2021.983562	-2.136802
59575.0	2021.986301	-0.420844
59576.0	2021.989041	3.060115
59577.0	2021.991781	1.552074
59578.0	2021.994521	0.997032
59579.0	2021.997260	1.390991
59580.0	2022.000000	0.438949
59581.0	2022.002740	-0.849092
59582.0	2022.005479	-1.422134
59583.0	2022.008219	0.046825
59584.0	2022.010959	1.716783
59585.0	2022.013699	-1.637258
59586.0	2022.016438	0.716700
59587.0	2022.019178	1.303659
59588.0	2022.021918	-1.116383
59589.0	2022.024658	-2.226424
59590.0	2022.027397	-1.470466
59591.0	2022.030137	-0.843507
59592.0	2022.032877	0.012451
59593.0	2022.035616	1.528410
59594.0	2022.038356	-2.253631
59595.0	2022.041096	-2.479673
59596.0	2022.043836	-1.850714
59597.0	2022.046575	0.908244
59598.0	2022.049315	0.097203
59599.0	2022.052055	0.738161
59600.0	2022.054795	-1.609880
59601.0	2022.057534	-1.057922
59602.0	2022.060274	0.316037
59603.0	2022.063014	1.194995
59604.0	2022.065753	0.960954
59605.0	2022.068493	0.056912
59606.0	2022.071233	1.529871
59607.0	2022.073973	-0.415171
59608.0	2022.076712	-0.045212
59609.0	2022.079452	0.626746
59610.0	2022.082192	1.345705
59611.0	2022.084932	0.486663
59612.0	2022.087671	0.992622
59613.0	2022.090411	0.454581
59614.0	2022.093151	-0.198461
59615.0	2022.095890	0.010498
59616.0	2022.098630	1.539456
59617.0	2022.101370	-0.351585
59618.0	2022.104110	2.292373
59619.0	2022.106849	2.823332
59620.0	2022.109589	0.519290
59621.0	2022.112329	1.917249
59622.0	2022.115068	-2.043793
59623.0	2022.117808	0.059166
59624.0	2022.120548	1.912124
59625.0	2022.123288	0.712083
59626.0	2022.126027	4.226041
59627.0	2022.128767	0.634000
59628.0	2022.131507	-2.120042
59629.0	2022.134247	0.641917
59630.0	2022.136986	1.018876
59631.0	2022.139726	3.674834
59632.0	2022.142466	5.125793
59633.0	2022.145205	2.307751
59634.0	2022.147945	0.185710
59635.0	2022.150685	0.797668
59636.0	2022.153425	1.782627
59637.0	2022.156164	1.126585
59638.0	2022.158904	-0.804456
59639.0	2022.161644	-1.684498
59640.0	2022.164384	0.261461
59641.0	2022.167123	-0.312581
59642.0	2022.169863	0.332378
59643.0	2022.172603	0.407336
59644.0	2022.175342	-0.983705
59645.0	2022.178082	-0.970747
59646.0	2022.180822	-1.007788
59647.0	2022.183562	-0.325829
59648.0	2022.186301	-1.282871
59649.0	2022.189041	-1.265912
59650.0	2022.191781	-2.331954
59651.0	2022.194521	-1.582995
59652.0	2022.197260	0.678963
59653.0	2022.200000	0.196922
59654.0	2022.202740	0.202880
59655.0	2022.205479	0.548839
59656.0	2022.208219	1.743797
59657.0	2022.210959	-0.422244
59658.0	2022.213699	-0.673286
59659.0	2022.216438	-0.510327
59660.0	2022.219178	1.634631
59661.0	2022.221918	2.088590
59662.0	2022.224658	1.799548
59663.0	2022.227397	-0.296493
59664.0	2022.230137	1.053465
59665.0	2022.232877	0.944424
59666.0	2022.235616	2.557383
59667.0	2022.238356	1.787341
59668.0	2022.241096	1.842300
59669.0	2022.243836	-0.389742
59670.0	2022.246575	0.435217
59671.0	2022.249315	0.836175
59672.0	2022.252055	0.852134
59673.0	2022.254795	1.133092
59674.0	2022.257534	1.947051
59675.0	2022.260274	0.027009
59676.0	2022.263014	1.094968
59677.0	2022.265753	1.314926
59678.0	2022.268493	-1.057115
59679.0	2022.271233	0.332843
59680.0	2022.273973	2.372802
59682.0	2022.279452	0.997719
59683.0	2022.282192	-0.017322
59684.0	2022.284932	0.746636
59685.0	2022.287671	-0.131405
59686.0	2022.290411	-0.629447
59687.0	2022.293151	-0.547488
59688.0	2022.295890	0.627470
59689.0	2022.298630	1.612429
59690.0	2022.301370	1.626387
59691.0	2022.304110	3.023346
59692.0	2022.306849	2.763304
59693.0	2022.309589	2.208263
59694.0	2022.312329	0.126221
59695.0	2022.315068	-0.162820
59696.0	2022.317808	0.014138
59697.0	2022.320548	0.436097
59698.0	2022.323288	0.092055
59699.0	2022.326027	-0.213986
59700.0	2022.328767	1.987972
59701.0	2022.331507	1.322931
59702.0	2022.334247	1.892890
59703.0	2022.336986	0.825848
59704.0	2022.339726	2.045807
59705.0	2022.342466	2.056765
59706.0	2022.345205	0.892724
59707.0	2022.347945	1.421682
59708.0	2022.350685	3.363641
59709.0	2022.353425	2.893599
59710.0	2022.356164	1.163558
59711.0	2022.358904	2.413516
59712.0	2022.361644	3.926475
59713.0	2022.364384	1.181433
59714.0	2022.367123	-1.364608
59715.0	2022.369863	0.920350
59716.0	2022.372603	-0.636691
59717.0	2022.375342	-0.540733
59718.0	2022.378082	0.767226
59719.0	2022.380822	1.468185
59720.0	2022.383562	2.628143
59721.0	2022.386301	1.146102
59722.0	2022.389041	0.237060
59723.0	2022.391781	0.927019
59724.0	2022.394521	0.399977
59725.0	2022.397260	1.013936
59726.0	2022.400000	2.795894
59727.0	2022.402740	1.168853
59728.0	2022.405479	0.408811
59729.0	2022.408219	1.335770
59730.0	2022.410959	1.615728
59731.0	2022.413699	-1.065313
59732.0	2022.416438	-2.420355
59733.0	2022.419178	0.725604
59734.0	2022.421918	1.010562
59735.0	2022.424658	-0.999479
59736.0	2022.427397	1.147480
59737.0	2022.430137	-0.595562
59738.0	2022.432877	0.081397
59739.0	2022.435616	-1.013645
59740.0	2022.438356	-0.022686
59741.0	2022.441096	0.122272
59742.0	2022.443836	3.850231
59743.0	2022.446575	2.797189
59744.0	2022.449315	-0.018852
59745.0	2022.452055	2.445106
59746.0	2022.454795	-0.853935
59747.0	2022.457534	-0.681977
59748.0	2022.460274	0.303982
59749.0	2022.463014	0.298940
59750.0	2022.465753	1.283899
59751.0	2022.468493	-1.594143
59752.0	2022.471233	2.465816
59753.0	2022.473973	3.394774
59754.0	2022.476712	0.187733
59755.0	2022.479452	0.169692
59756.0	2022.482192	-1.715350
59757.0	2022.484932	-0.153391
59758.0	2022.487671	-1.321433
59759.0	2022.490411	-0.632474
59760.0	2022.493151	0.010484
59761.0	2022.495890	0.235443
59762.0	2022.498630	0.549401
59763.0	2022.501370	1.510360
59764.0	2022.504110	-1.781682
59765.0	2022.506849	-2.123723
59766.0	2022.509589	-1.355765
59767.0	2022.512329	0.701194
59768.0	2022.515068	-0.992848
59769.0	2022.517808	-0.546889
59770.0	2022.520548	-1.317931
59771.0	2022.523288	-1.032972
59772.0	2022.526027	-3.090013
59773.0	2022.528767	-0.776055
59774.0	2022.531507	-0.890096
59775.0	2022.534247	-1.213138
59776.0	2022.536986	0.004821
59777.0	2022.539726	-0.775221
59778.0	2022.542466	-0.394262
59779.0	2022.545205	0.022696
59780.0	2022.547945	1.260655
59781.0	2022.550685	-3.147387
59782.0	2022.553425	-0.521428
59783.0	2022.556164	-0.244470
59784.0	2022.558904	-2.477511
59785.0	2022.561644	-0.464553
59786.0	2022.564384	-1.413594
59787.0	2022.567123	-0.263636
59788.0	2022.569863	-2.178677
59789.0	2022.572603	-0.945718
59790.0	2022.575342	-1.089760
59791.0	2022.578082	-2.248801
59792.0	2022.580822	-2.297843
59793.0	2022.583562	-1.685884
59794.0	2022.586301	1.746074
59795.0	2022.589041	-1.073967
59796.0	2022.591781	-1.028009
59797.0	2022.594521	-1.062050
59798.0	2022.597260	0.370908
59799.0	2022.600000	0.727867
59800.0	2022.602740	1.255825
59801.0	2022.605479	0.131784
59802.0	2022.608219	-1.492258
59803.0	2022.610959	0.527701
59804.0	2022.613699	-1.317341
59805.0	2022.616438	-0.709382
59806.0	2022.619178	0.182576
59807.0	2022.621918	-1.542465
59808.0	2022.624658	-0.655506
59809.0	2022.627397	0.038452
59810.0	2022.630137	1.584411
59811.0	2022.632877	1.015369
59812.0	2022.635616	1.046328
59813.0	2022.638356	-1.029714
59814.0	2022.641096	0.464245
59815.0	2022.643836	1.203203
59816.0	2022.646575	2.254162
59817.0	2022.649315	3.508120
59818.0	2022.652055	1.974079
59819.0	2022.654795	1.388037
59820.0	2022.657534	2.025996
59821.0	2022.660274	1.225954
59822.0	2022.663014	0.156913
59823.0	2022.665753	1.394871
59824.0	2022.668493	0.834830
59825.0	2022.671233	3.353789
59826.0	2022.673973	2.161747
59827.0	2022.676712	1.612706
59828.0	2022.679452	3.123664
59829.0	2022.682192	0.662623
59830.0	2022.684932	0.581581
59831.0	2022.687671	-0.600460
59832.0	2022.690411	-1.488502
59833.0	2022.693151	-3.320543
59834.0	2022.695890	-1.018585
59835.0	2022.698630	0.768374
59836.0	2022.701370	0.573332
59837.0	2022.704110	3.014291
59838.0	2022.706849	1.208249
59839.0	2022.709589	0.551208
59840.0	2022.712329	1.677166
59841.0	2022.715068	1.255125
59842.0	2022.717808	1.558084
59843.0	2022.720548	1.000042
59844.0	2022.723288	0.753001
59845.0	2022.726027	1.255959
59846.0	2022.728767	3.827918
59847.0	2022.731507	3.215876
59848.0	2022.734247	2.632835
59849.0	2022.736986	2.326793
59850.0	2022.739726	2.159752
59851.0	2022.742466	1.320710
59852.0	2022.745205	3.242669
59853.0	2022.747945	2.255627
59854.0	2022.750685	3.738586
59855.0	2022.753425	1.750544
59856.0	2022.756164	0.745503
59857.0	2022.758904	1.990461
59858.0	2022.761644	2.688420
59859.0	2022.764384	1.411378
59860.0	2022.767123	1.585337
59861.0	2022.769863	0.873296
59862.0	2022.772603	2.236254
59863.0	2022.775342	2.752213
59864.0	2022.778082	0.184171
59865.0	2022.780822	1.569130
59866.0	2022.783562	1.394088
59867.0	2022.786301	2.299047
59868.0	2022.789041	0.990005
59869.0	2022.791781	1.696964
59870.0	2022.794521	-0.737078
59871.0	2022.797260	2.183881
59872.0	2022.800000	1.048839
59873.0	2022.802740	1.763798
59874.0	2022.805479	4.553756
59875.0	2022.808219	2.813715
59876.0	2022.810959	3.202673
59877.0	2022.813699	2.108632
59878.0	2022.816438	1.037591
59879.0	2022.819178	2.562549
59880.0	2022.821918	0.404508
59881.0	2022.824658	1.603466
59882.0	2022.827397	0.724425
59883.0	2022.830137	1.669383
59884.0	2022.832877	0.253342
59885.0	2022.835616	0.398300
59886.0	2022.838356	0.332259
59887.0	2022.841096	0.309217
59888.0	2022.843836	0.624176
59889.0	2022.846575	0.752134
59890.0	2022.849315	0.976093
59891.0	2022.852055	0.214051
59892.0	2022.854795	0.552010
59893.0	2022.857534	-1.119032
59894.0	2022.860274	1.210927
59895.0	2022.863014	-2.653115
59896.0	2022.865753	-1.038156
59897.0	2022.868493	-0.670197
59898.0	2022.871233	1.251761
59899.0	2022.873973	-1.574280
59900.0	2022.876712	-1.299322
59901.0	2022.879452	0.360637
59902.0	2022.882192	0.342595
59903.0	2022.884932	1.560554
59904.0	2022.887671	3.467512
59905.0	2022.890411	0.778471
59906.0	2022.893151	-0.157571
59907.0	2022.895890	-1.853612
59908.0	2022.898630	0.675346
59909.0	2022.901370	0.723305
59910.0	2022.904110	0.879263
59911.0	2022.906849	1.406222
59912.0	2022.909589	2.567180
59913.0	2022.912329	-2.121861
59914.0	2022.915068	3.314098
59915.0	2022.917808	2.168056
59916.0	2022.920548	2.280015
59917.0	2022.923288	-1.328027
59918.0	2022.926027	-0.505068
59919.0	2022.928767	1.139890
59920.0	2022.931507	0.657849
59921.0	2022.934247	0.403807
59922.0	2022.936986	1.548766
59923.0	2022.939726	0.185724
59924.0	2022.942466	-0.949317
59925.0	2022.945205	0.644641
59926.0	2022.947945	2.704600
59927.0	2022.950685	2.331558
59928.0	2022.953425	1.050517
59929.0	2022.956164	1.321475
59930.0	2022.958904	-0.153566
59931.0	2022.961644	0.879393
59932.0	2022.964384	2.164351
59933.0	2022.967123	-0.137690
59934.0	2022.969863	0.908268
59935.0	2022.972603	1.368227
59936.0	2022.975342	-1.116815
59937.0	2022.978082	-2.357856
59938.0	2022.980822	-1.018898
59939.0	2022.983562	0.742061
59940.0	2022.986301	2.030019
59941.0	2022.989041	3.286978
59942.0	2022.991781	5.134936
59943.0	2022.994521	3.180895
59945.0	2023.000000	1.043812
59946.0	2023.002740	2.698770
59947.0	2023.005479	3.508729
59949.0	2023.010959	0.408646
59950.0	2023.013699	-0.954395
59951.0	2023.016438	-1.269437
59952.0	2023.019178	1.079522
59953.0	2023.021918	1.492480
59955.0	2023.027397	-0.361603
59956.0	2023.030137	1.621356
59957.0	2023.032877	-0.377686
59958.0	2023.035616	2.608273
59959.0	2023.038356	3.059231
59960.0	2023.041096	2.605190
59961.0	2023.043836	2.665148
59962.0	2023.046575	2.555107
59963.0	2023.049315	0.826065
59964.0	2023.052055	2.125024
59965.0	2023.054795	1.754982
59966.0	2023.057534	3.943941
59967.0	2023.060274	2.464900
59968.0	2023.063014	3.843858
59969.0	2023.065753	2.767817
59970.0	2023.068493	2.109775
59971.0	2023.071233	3.021734
59972.0	2023.073973	3.264692
59973.0	2023.076712	3.401651
59974.0	2023.079452	1.453609
59975.0	2023.082192	3.887568
59976.0	2023.084932	2.896526
59977.0	2023.087671	3.131485
59978.0	2023.090411	3.431443
59979.0	2023.093151	2.745402
59980.0	2023.095890	4.255360
59981.0	2023.098630	2.057319
59982.0	2023.101370	4.383277
59983.0	2023.104110	1.890236
59984.0	2023.106849	1.462195
59985.0	2023.109589	1.083153
59986.0	2023.112329	2.294112
59987.0	2023.115068	1.885070
59988.0	2023.117808	2.598029
59989.0	2023.120548	1.603987
59990.0	2023.123288	0.273946
59991.0	2023.126027	3.329904
59992.0	2023.128767	0.219863
59993.0	2023.131507	-0.829179
59994.0	2023.134247	-1.883220
59995.0	2023.136986	0.079738
59996.0	2023.139726	-0.119303
59997.0	2023.142466	1.912655
59998.0	2023.145205	1.824614
59999.0	2023.147945	0.468572
60000.0	2023.150685	2.472531
60001.0	2023.153425	1.621489
60002.0	2023.156164	4.907448
60003.0	2023.158904	2.230407
60004.0	2023.161644	3.506365
60005.0	2023.164384	1.613324
60006.0	2023.167123	2.343282
60007.0	2023.169863	1.176241
60008.0	2023.172603	0.062199
60009.0	2023.175342	1.059158
60010.0	2023.178082	2.109116
60011.0	2023.180822	1.342075
60012.0	2023.183562	1.337033
60013.0	2023.186301	0.825992
60014.0	2023.189041	2.076950
60015.0	2023.191781	1.447909
60016.0	2023.194521	4.039867
60017.0	2023.197260	2.971826
60018.0	2023.200000	0.863784
60019.0	2023.202740	3.226743
60020.0	2023.205479	2.140702
60021.0	2023.208219	2.021660
60022.0	2023.210959	0.940619
60023.0	2023.213699	0.157577
60024.0	2023.216438	0.019536
60025.0	2023.219178	0.861494
60026.0	2023.221918	2.446453
60027.0	2023.224658	2.447411
60028.0	2023.227397	1.262370
60029.0	2023.230137	3.813328
60030.0	2023.232877	1.361287
60031.0	2023.235616	1.475245
60032.0	2023.238356	2.663204
60033.0	2023.241096	1.272162
60034.0	2023.243836	3.048121
60035.0	2023.246575	1.491079
60036.0	2023.249315	0.248038
60037.0	2023.252055	0.892997
60038.0	2023.254795	1.781955
60039.0	2023.257534	1.292914
60040.0	2023.260274	1.664872
60041.0	2023.263014	3.333831
60042.0	2023.265753	2.349789
60043.0	2023.268493	3.206748
60044.0	2023.271233	3.333706
60045.0	2023.273973	2.657665
60046.0	2023.276712	2.257623
60047.0	2023.279452	1.922582
60048.0	2023.282192	5.358540
60049.0	2023.284932	3.217499
60050.0	2023.287671	1.980457
60051.0	2023.290411	0.828416
60053.0	2023.295890	0.527333
60054.0	2023.298630	1.232291
60055.0	2023.301370	0.767250
60056.0	2023.304110	2.152209
60057.0	2023.306849	2.592167
60058.0	2023.309589	4.916126
60059.0	2023.312329	4.499084
60060.0	2023.315068	3.794043
60061.0	2023.317808	4.375001
60062.0	2023.320548	2.894960
60063.0	2023.323288	2.564918
60064.0	2023.326027	2.616877
60065.0	2023.328767	1.403835
60066.0	2023.331507	3.021794
60067.0	2023.334247	2.143752
60068.0	2023.336986	1.363711
60069.0	2023.339726	3.174669
60070.0	2023.342466	1.748628
60071.0	2023.345205	4.154586
60072.0	2023.347945	2.477545
60073.0	2023.350685	2.492504
60074.0	2023.353425	1.870462
60075.0	2023.356164	0.215421
60076.0	2023.358904	-0.732621
60077.0	2023.361644	2.489338
60078.0	2023.364384	2.139296
60079.0	2023.367123	1.567255
60080.0	2023.369863	-0.391787
60081.0	2023.372603	0.979172
60082.0	2023.375342	2.341130
60083.0	2023.378082	0.258089
60084.0	2023.380822	-1.952953
60085.0	2023.383562	-0.638994
60086.0	2023.386301	0.492964
60087.0	2023.389041	2.860923
60088.0	2023.391781	0.517881
60089.0	2023.394521	0.725840
60090.0	2023.397260	1.133798
60091.0	2023.400000	-0.698243
60092.0	2023.402740	1.248716
60093.0	2023.405479	1.736674
60094.0	2023.408219	2.359633
60095.0	2023.410959	1.109591
60096.0	2023.413699	2.449550
60097.0	2023.416438	-1.554492
60098.0	2023.419178	1.079467
60099.0	2023.421918	1.806425
60100.0	2023.424658	0.017384
60101.0	2023.427397	-0.588658
60102.0	2023.430137	0.367301
60104.0	2023.435616	0.487218
60105.0	2023.438356	0.671176
60106.0	2023.441096	-1.260865
60107.0	2023.443836	-1.344907
60108.0	2023.446575	-0.191948
60109.0	2023.449315	0.003011
60110.0	2023.452055	3.602969
60111.0	2023.454795	0.201928
60112.0	2023.457534	1.116886
60113.0	2023.460274	2.153845
60114.0	2023.463014	0.605803
60115.0	2023.465753	3.281762
60116.0	2023.468493	0.223720
60117.0	2023.471233	3.538679
60118.0	2023.473973	0.764637
60119.0	2023.476712	0.666596
60120.0	2023.479452	2.720554
60121.0	2023.482192	4.037513
60122.0	2023.484932	0.610471
60123.0	2023.487671	1.500430
60124.0	2023.490411	3.708388
60127.0	2023.498630	4.478264
60130.0	2023.506849	1.713140
60131.0	2023.509589	2.297098
60132.0	2023.512329	1.106057
60133.0	2023.515068	0.050015
60134.0	2023.517808	1.199974
60135.0	2023.520548	3.187932
60145.0	2023.547945	1.764518
60146.0	2023.550685	-0.314524
60147.0	2023.553425	0.841435
60148.0	2023.556164	-0.429607
60149.0	2023.558904	2.588352
60150.0	2023.561644	-0.277690
60151.0	2023.564384	3.165269
60152.0	2023.567123	-0.540773
60153.0	2023.569863	3.681186
60154.0	2023.572603	2.887144
60155.0	2023.575342	-0.302897
60156.0	2023.578082	0.731061
60157.0	2023.580822	0.484020
60158.0	2023.583562	-2.938022
60159.0	2023.586301	-1.037063
60160.0	2023.589041	-0.537105
60161.0	2023.591781	0.042854
60162.0	2023.594521	1.997813
60163.0	2023.597260	3.810771
60164.0	2023.600000	0.603730
60165.0	2023.602740	5.503688
60166.0	2023.605479	1.120647
60167.0	2023.608219	1.095605
60168.0	2023.610959	-0.509436
60169.0	2023.613699	1.155522
60170.0	2023.616438	0.152481
60171.0	2023.619178	2.190439
60172.0	2023.621918	3.617398
60173.0	2023.624658	4.017356
60174.0	2023.627397	1.832315
60175.0	2023.630137	1.020273
60176.0	2023.632877	3.379232
60177.0	2023.635616	2.343190
60178.0	2023.638356	1.685149
60179.0	2023.641096	0.091108
60180.0	2023.643836	2.020066
60181.0	2023.646575	2.961025
60182.0	2023.649315	0.743983
60183.0	2023.652055	5.967942
60184.0	2023.654795	1.076900
60185.0	2023.657534	-0.163141
60186.0	2023.660274	2.228817
60187.0	2023.663014	3.022776
60188.0	2023.665753	1.489734
60189.0	2023.668493	4.128693
60190.0	2023.671233	3.855651
60191.0	2023.673973	5.254610
60192.0	2023.676712	4.389568
60193.0	2023.679452	3.080527
60194.0	2023.682192	0.795485
60195.0	2023.684932	3.034444
60196.0	2023.687671	2.997402
60197.0	2023.690411	2.631361
60198.0	2023.693151	2.374320
60199.0	2023.695890	-1.130722
60200.0	2023.698630	2.290237
60201.0	2023.701370	0.834195
60202.0	2023.704110	3.919154
60203.0	2023.706849	4.248112
60204.0	2023.709589	1.242071
60205.0	2023.712329	1.676029
60206.0	2023.715068	3.721988
60207.0	2023.717808	3.584946
60208.0	2023.720548	4.926905
60209.0	2023.723288	3.168863
60210.0	2023.726027	1.970822
60211.0	2023.728767	1.437780
60212.0	2023.731507	1.603739
60213.0	2023.734247	1.736697
60214.0	2023.736986	2.058656
60215.0	2023.739726	-0.918385
60216.0	2023.742466	0.226573
60217.0	2023.745205	1.991532
60218.0	2023.747945	1.803490
60219.0	2023.750685	2.980449
60220.0	2023.753425	2.618407
60221.0	2023.756164	3.089366
60222.0	2023.758904	0.228324
60223.0	2023.761644	-0.716717
60224.0	2023.764384	0.013241
60225.0	2023.767123	-0.502800
60226.0	2023.769863	-0.583842
60227.0	2023.772603	-0.133883
60228.0	2023.775342	0.845075
60229.0	2023.778082	0.682034
60230.0	2023.780822	1.584992
60231.0	2023.783562	-0.282049
60232.0	2023.786301	-3.800090
60233.0	2023.789041	-3.324132
60234.0	2023.791781	-1.871173
60235.0	2023.794521	0.223785
60236.0	2023.797260	1.604744
60237.0	2023.800000	-1.295298
60238.0	2023.802740	-1.345339
60239.0	2023.805479	-1.990381
60240.0	2023.808219	0.839578
60241.0	2023.810959	-0.118464
60242.0	2023.813699	-0.862505
60243.0	2023.816438	-1.280547
60244.0	2023.819178	-1.587588
60245.0	2023.821918	-0.419630
60246.0	2023.824658	0.498329
60247.0	2023.827397	-0.586713
60248.0	2023.830137	-2.158754
60249.0	2023.832877	-2.070796
60250.0	2023.835616	-0.073837
60251.0	2023.838356	0.058122
60252.0	2023.841096	-0.454920
60253.0	2023.843836	0.601039
60254.0	2023.846575	0.547997
60255.0	2023.849315	2.838956
60256.0	2023.852055	1.282914
60257.0	2023.854795	1.012873
60258.0	2023.857534	-0.584169
60259.0	2023.860274	2.529790
60260.0	2023.863014	1.122748
60261.0	2023.865753	1.125707
60262.0	2023.868493	2.805665
60263.0	2023.871233	2.363624
60264.0	2023.873973	3.542582
60265.0	2023.876712	1.030541
60266.0	2023.879452	1.737499
60267.0	2023.882192	0.459458
60268.0	2023.884932	-1.761583
60269.0	2023.887671	-0.629625
60270.0	2023.890411	0.293334
60271.0	2023.893151	0.435292
60272.0	2023.895890	0.325251
60273.0	2023.898630	-0.357791
60274.0	2023.901370	0.874168
60275.0	2023.904110	-1.647874
60276.0	2023.906849	0.556085
60277.0	2023.909589	-0.513957
60278.0	2023.912329	1.517002
60279.0	2023.915068	1.817960
60280.0	2023.917808	3.557919
60281.0	2023.920548	2.703877
60282.0	2023.923288	2.732836
60283.0	2023.926027	1.298794
60284.0	2023.928767	-0.584247
60285.0	2023.931507	-0.060289
60286.0	2023.934247	3.041670
60287.0	2023.936986	3.080629
60288.0	2023.939726	0.881587
60289.0	2023.942466	1.378546
60290.0	2023.945205	2.692504
60291.0	2023.947945	0.206463
60292.0	2023.950685	0.410421
60293.0	2023.953425	0.737380
60294.0	2023.956164	1.618338
60295.0	2023.958904	2.490297
60296.0	2023.961644	-0.925745
60297.0	2023.964384	0.757214
60298.0	2023.967123	-0.562828
60299.0	2023.969863	2.157131
60300.0	2023.972603	1.342089
60301.0	2023.975342	2.655048
60302.0	2023.978082	2.719006
60303.0	2023.980822	4.451965
60304.0	2023.983562	1.009924
60305.0	2023.986301	0.632882
60306.0	2023.989041	0.305841
60307.0	2023.991781	0.233799
60308.0	2023.994521	1.502758
60309.0	2023.997260	-0.982284
60310.0	2024.000000	-0.454325
60311.0	2024.002732	0.253631
60312.0	2024.005464	0.674587
60313.0	2024.008197	2.369542
60314.0	2024.010929	0.809498
60315.0	2024.013661	0.599454
60316.0	2024.016393	0.856410
60317.0	2024.019126	2.574366
60318.0	2024.021858	4.360322
60319.0	2024.024590	1.126278
60320.0	2024.027322	1.294234
60321.0	2024.030055	-0.752810
60322.0	2024.032787	-0.017854
60323.0	2024.035519	0.287102
60324.0	2024.038251	0.783057
60325.0	2024.040984	-2.305987
60326.0	2024.043716	-0.641031
60327.0	2024.046448	3.848925
60328.0	2024.049180	0.823881
60329.0	2024.051913	1.519837
60330.0	2024.054645	3.298793
60331.0	2024.057377	2.307749
60332.0	2024.060109	2.309705
60333.0	2024.062842	1.167661
60334.0	2024.065574	-0.246383
60335.0	2024.068306	1.358572
60336.0	2024.071038	0.901528
60337.0	2024.073770	-0.365516
60338.0	2024.076503	0.364440
60339.0	2024.079235	1.597396
60340.0	2024.081967	1.467352
60341.0	2024.084699	0.574308
60342.0	2024.087432	2.139264
60343.0	2024.090164	1.795220
60344.0	2024.092896	1.509176
60345.0	2024.095628	0.189132
60346.0	2024.098361	-0.546913
60347.0	2024.101093	1.380043
60348.0	2024.103825	0.322999
60349.0	2024.106557	-1.651045
60350.0	2024.109290	-1.327089
60351.0	2024.112022	-1.663133
60352.0	2024.114754	-0.697177
60353.0	2024.117486	-1.947221
60354.0	2024.120219	-0.715265
60355.0	2024.122951	-2.088309
60356.0	2024.125683	-1.506353
60357.0	2024.128415	-1.754398
60358.0	2024.131148	0.320558
60359.0	2024.133880	-1.856486
60360.0	2024.136612	-1.139530
60361.0	2024.139344	1.327426
60362.0	2024.142077	-0.181618
60363.0	2024.144809	-0.541662
60364.0	2024.147541	0.370294
60365.0	2024.150273	-0.320750
60366.0	2024.153005	-0.275794
60367.0	2024.155738	3.537162
60368.0	2024.158470	1.071117
60369.0	2024.161202	0.183073
60370.0	2024.163934	0.186029
60371.0	2024.166667	0.192985
60372.0	2024.169399	1.852941
60373.0	2024.172131	0.281897
60374.0	2024.174863	1.153853
60375.0	2024.177596	-0.529191
60376.0	2024.180328	0.359765
60377.0	2024.183060	-0.599279
60378.0	2024.185792	0.354677
60379.0	2024.188525	-1.062368
60380.0	2024.191257	0.136588
60381.0	2024.193989	-1.681456
60382.0	2024.196721	2.942500
60383.0	2024.199454	2.043456
60384.0	2024.202186	-0.025588
60385.0	2024.204918	1.662368
60386.0	2024.207650	1.217324
60387.0	2024.210383	-0.166720
60388.0	2024.213115	-1.100764
60389.0	2024.215847	0.156192
60390.0	2024.218579	-0.461853
60391.0	2024.221311	1.007103
60392.0	2024.224044	0.846059
60393.0	2024.226776	0.711015
60394.0	2024.229508	2.516971
60395.0	2024.232240	1.183927
60396.0	2024.234973	1.663883
60397.0	2024.237705	1.282839
60398.0	2024.240437	2.179795
60399.0	2024.243169	0.895751
60400.0	2024.245902	3.129707
60401.0	2024.248634	2.186662
60402.0	2024.251366	0.023618
60403.0	2024.254098	1.779574
60404.0	2024.256831	0.579530
60405.0	2024.259563	1.805486
60406.0	2024.262295	2.359442
60407.0	2024.265027	2.122398
60408.0	2024.267760	0.725354
60409.0	2024.270492	1.797310
60410.0	2024.273224	0.721266
60411.0	2024.275956	2.415222
60412.0	2024.278689	1.122177
60413.0	2024.281421	1.866133
60414.0	2024.284153	0.323089
60415.0	2024.286885	0.795045
60416.0	2024.289617	4.539001
60417.0	2024.292350	3.006957
60418.0	2024.295082	-0.163087
60419.0	2024.297814	2.546869
60420.0	2024.300546	1.344825
60421.0	2024.303279	-1.770219
60422.0	2024.306011	-1.761263
60423.0	2024.308743	0.062692
60424.0	2024.311475	-1.555352
60425.0	2024.314208	-0.624396
60426.0	2024.316940	-0.767440
60427.0	2024.319672	2.236516
60428.0	2024.322404	1.194472
60429.0	2024.325137	2.434428
60430.0	2024.327869	1.804384
60431.0	2024.330601	0.659340
60432.0	2024.333333	2.047296
60433.0	2024.336066	1.661252
60434.0	2024.338798	0.450207
60435.0	2024.341530	1.462163
60436.0	2024.344262	-1.206881
60437.0	2024.346995	1.402075
60438.0	2024.349727	-2.559969
60439.0	2024.352459	-2.224013
60440.0	2024.355191	0.393943
60441.0	2024.357923	-0.191101
60442.0	2024.360656	1.076855
60443.0	2024.363388	-1.162189
60444.0	2024.366120	-0.763233
60445.0	2024.368852	0.389722
60446.0	2024.371585	1.486678
60447.0	2024.374317	0.050634
60448.0	2024.377049	1.801590
60449.0	2024.379781	1.415546
60450.0	2024.382514	-0.068498
60451.0	2024.385246	0.780458
60452.0	2024.387978	0.789414
60453.0	2024.390710	-0.315630
60454.0	2024.393443	1.910326
60455.0	2024.396175	0.721282
60456.0	2024.398907	-1.326763
60457.0	2024.401639	-1.185807
60458.0	2024.404372	1.093149
60459.0	2024.407104	2.567105
60460.0	2024.409836	0.629061
60461.0	2024.412568	0.953017
60462.0	2024.415301	1.577973
60463.0	2024.418033	0.833929
60464.0	2024.420765	3.771885
60465.0	2024.423497	4.625841
60466.0	2024.426230	0.340797
60467.0	2024.428962	1.272752
60468.0	2024.431694	-0.685292
60469.0	2024.434426	1.431664
60470.0	2024.437158	-3.295380
60471.0	2024.439891	-0.399424
60472.0	2024.442623	0.878532
60473.0	2024.445355	-0.887512
60474.0	2024.448087	1.898444
60475.0	2024.450820	2.535400
60476.0	2024.453552	0.301356
60477.0	2024.456284	0.953312
60478.0	2024.459016	1.403267
60479.0	2024.461749	-0.425777
60480.0	2024.464481	1.216179
60481.0	2024.467213	0.299135
60482.0	2024.469945	1.178091
60483.0	2024.472678	2.695047
60484.0	2024.475410	-0.198997
60485.0	2024.478142	-0.675041
60486.0	2024.480874	-1.839085
60487.0	2024.483607	-1.191129
60488.0	2024.486339	1.263827
60489.0	2024.489071	0.917782
60490.0	2024.491803	-0.389262
60491.0	2024.494536	3.141694
60492.0	2024.497268	1.295650
60493.0	2024.500000	1.326606
60494.0	2024.502732	0.346562
60495.0	2024.505464	0.438518
60496.0	2024.508197	-0.793526
60497.0	2024.510929	1.240430
